% x                      y                        z                        
-5000.0                  -9.92797E-7              
-4898.9897               -1.011457E-6             
-4797.98                 -9.922853E-7             
-4696.9697               -1.0506172E-6            
-4595.9595               -1.1094814E-6            
-4494.9497               -1.1688894E-6            
-4393.9395               -1.199815E-6             
-4292.929                -1.2950512E-6            
-4191.919                -1.3921709E-6            
-4090.9092               -1.491258E-6             
-3989.899                -1.5924029E-6            
-3888.889                -1.695701E-6             
-3787.879                -1.8012552E-6            
-3686.8687               -1.9091758E-6            
-3585.8586               -2.01958E-6              
-3484.8484               -2.3265934E-6            
-3383.8384               -2.4995104E-6            
-3282.8284               -2.679105E-6             
-3181.818                -2.8659429E-6            
-3080.808                -3.0606623E-6            
-2979.7979               -3.3498009E-6            
-2878.7878               -3.6912647E-6            
-2777.7778               -4.055824E-6             
-2676.7678               -4.530787E-6             
-2575.7576               -4.8808197E-6            
-2474.7476               -5.3437057E-6            
-2373.7373               -5.7675943E-6            
-2272.7273               -6.525039E-6             
-2171.7173               -7.071717E-6             
-2070.707                -7.794572E-6             
-1969.6968               -8.788305E-6             
-1868.687                -9.706329E-6             
-1767.6768               -1.0475658E-5            
-1666.6665               -1.2106268E-5            
-1565.6567               -1.3736869E-5            
-1464.6465               -1.5367477E-5            
-1363.6362               -1.7648164E-5            
-1262.6265               -2.0426822E-5            
-1161.6162               -2.3814426E-5            
-1060.606                -2.838982E-5             
-959.59595               -3.527665E-5             
-858.58594               -4.1054573E-5            
-757.5757                -5.7945268E-5            
-656.5659                -7.485686E-5             
-555.55566               -9.739829E-5             
-454.5454                -1.4447558E-4            
-353.53564               -1.8004973E-4            
-252.52539               -1.6015417E-4            
-151.51514               -1.2043556E-4            
-50.504883               -1.6872964E-5            
50.504883                1.1588256E-5             
151.51514                -1.16238676E-4           
252.52539                -1.9713122E-4            
353.53564                -1.706409E-4             
454.5454                 -1.2416864E-4            
555.55566                -9.5285875E-5            
656.5654                 -8.54549E-5              
757.5757                 -5.4455904E-5            
858.58594                -4.3789114E-5            
959.5962                 -3.5104524E-5            
1060.6064                -2.8143177E-5            
1161.6162                -2.375019E-5             
1262.626                 -2.0715135E-5            
1363.6362                -1.8174223E-5            
1464.6465                -1.5451225E-5            
1565.6567                -1.345808E-5             
1666.667                 -1.2086018E-5            
1767.6763                -1.0741375E-5            
1868.6865                -9.625784E-6             
1969.6968                -8.6387945E-6            
2070.707                 -7.811244E-6             
2171.7173                -7.1859913E-6            
2272.7275                -6.3960824E-6            
2373.7373                -5.8113005E-6            
2474.747                 -5.2417845E-6            
2575.7573                -4.880725E-6             
2676.7676                -4.5196657E-6            
2777.7778                -4.158606E-6             
2878.788                 -3.881536E-6             
2979.7979                -3.5261817E-6            
3080.808                 -3.214659E-6             
3181.8184                -2.9761468E-6            
3282.8281                -2.7105405E-6            
3383.8389                -2.4954018E-6            
3484.8486                -2.3142654E-6            
3585.8584                -2.0218442E-6            
3686.8682                -1.9129116E-6            
3787.879                 -1.8055549E-6            
3888.8887                -1.6997233E-6            
3989.8994                -1.5953642E-6            
4090.9092                -1.4924317E-6            
4191.919                 -1.390879E-6             
4292.9287                -1.2906626E-6            
4393.9395                -1.1917399E-6            
4494.949                 -1.1904114E-6            
4595.96                  -1.132959E-6             
4696.9697                -1.0755908E-6            
4797.9795                -1.018306E-6             
4898.99                  -9.611035E-7             
5000.0                   -1.0406969E-6            
