% x                      y                        z                        
-5000.0                  -5.1281586E-7            
-4898.9897               -7.399025E-7             
-4797.98                 -7.123498E-7             
-4696.9697               -7.120352E-7             
-4595.9595               -7.427926E-7             
-4494.9497               -7.7354986E-7            
-4393.9395               -8.5963563E-7            
-4292.929                -8.592542E-7             
-4191.919                -6.968339E-7             
-4090.9092               -7.6124735E-7            
-3989.899                -8.2566106E-7            
-3888.889                -8.9007466E-7            
-3787.879                -9.544882E-7             
-3686.8687               -1.0618579E-6            
-3585.8586               -1.1494317E-6            
-3484.8484               -1.2370057E-6            
-3383.8384               -1.269643E-6             
-3282.8284               -1.3071226E-6            
-3181.818                -1.1348615E-6            
-3080.808                -1.1598917E-6            
-2979.7979               -1.2068773E-6            
-2878.7878               -1.3936227E-6            
-2777.7778               -1.2131449E-6            
-2676.7678               -1.4120351E-6            
-2575.7576               -1.2188202E-6            
-2474.7476               -1.3235151E-6            
-2373.7373               -1.3185985E-6            
-2272.7273               -1.3152032E-6            
-2171.7173               -1.3680007E-6            
-2070.707                -1.165081E-6             
-1969.6968               -9.323748E-7             
-1868.687                -1.1130479E-6            
-1767.6768               -1.0463907E-6            
-1666.6665               -6.9818304E-7            
-1565.6567               -9.663061E-7             
-1464.6465               -6.9093267E-7            
-1363.6362               -5.1441504E-7            
-1262.6265               -4.9611998E-8            
-1161.6162               -1.4646631E-6            
-1060.606                5.1603743E-6             
-959.59595               -4.1415277E-7            
-858.58594               -3.882676E-6             
-757.5757                1.0436056E-5             
-656.5659                1.482812E-5              
-555.55566               6.221811E-5              
-454.5454                7.893088E-5              
-353.53564               2.2448749E-4             
-252.52539               3.2766943E-4             
-151.51514               4.8660758E-4             
-50.504883               5.391664E-4              
50.504883                5.5132975E-4             
151.51514                4.6764064E-4             
252.52539                3.0940812E-4             
353.53564                1.6383964E-4             
454.5454                 7.636938E-5              
555.55566                3.487271E-5              
656.5654                 2.5652802E-5             
757.5757                 -5.73501E-7              
858.58594                -5.5489716E-7            
959.5962                 9.5356145E-6             
1060.6064                -1.5197198E-6            
1161.6162                -1.5761219E-6            
1262.626                 -2.031565E-6             
1363.6362                -4.0566343E-7            
1464.6465                -7.4021534E-7            
1565.6567                -1.2928139E-7            
1666.667                 -8.890522E-7             
1767.6763                -6.523857E-7             
1868.6865                -7.772654E-7             
1969.6968                -9.1586287E-7            
2070.707                 -8.175538E-7             
2171.7173                -1.0768302E-6            
2272.7275                -1.3987558E-6            
2373.7373                -1.3752866E-6            
2474.747                 -1.3468768E-6            
2575.7573                -1.3235161E-6            
2676.7676                -1.366141E-6             
2777.7778                -1.4233044E-6            
2878.788                 -1.4079902E-6            
2979.7979                -1.4828906E-6            
3080.808                 -1.4014913E-6            
3181.8184                -1.34293E-6              
3282.8281                -1.254565E-6             
3383.8389                -1.2076372E-6            
3484.8486                -1.16071E-6              
3585.8584                -1.1137828E-6            
3686.8682                -1.0668556E-6            
3787.879                 -1.0199278E-6            
3888.8887                -9.730006E-7             
3989.8994                -9.2607297E-7            
4090.9092                -8.791457E-7             
4191.919                 -7.411157E-7             
4292.9287                -6.8201865E-7            
4393.9395                -8.9413345E-7            
4494.949                 -8.0572545E-7            
4595.96                  -7.863425E-7             
4696.9697                -6.7401754E-7            
4797.9795                -7.008147E-7             
4898.99                  -7.2761213E-7            
5000.0                   -7.6734995E-7            
