% x                      y                        z                        
-5000.0                  -2.2547908E-6            
-4898.9897               -2.8925579E-6            
-4797.98                 -3.1495356E-6            
-4696.9697               -3.148876E-6             
-4595.9595               -2.8176544E-6            
-4494.9497               -3.1282477E-6            
-4393.9395               -3.4388424E-6            
-4292.929                -3.5971707E-6            
-4191.919                -3.6387448E-6            
-4090.9092               -4.0218815E-6            
-3989.899                -4.4050207E-6            
-3888.889                -4.7881585E-6            
-3787.879                -5.1712964E-6            
-3686.8687               -5.554435E-6             
-3585.8586               -5.9375734E-6            
-3484.8484               -6.320712E-6             
-3383.8384               -6.70385E-6              
-3282.8284               -7.086988E-6             
-3181.818                -7.4701265E-6            
-3080.808                -8.200468E-6             
-2979.7979               -8.748392E-6             
-2878.7878               -9.620509E-6             
-2777.7778               -1.0706361E-5            
-2676.7678               -1.1523359E-5            
-2575.7576               -1.2369079E-5            
-2474.7476               -1.3574854E-5            
-2373.7373               -1.4530491E-5            
-2272.7273               -1.5778047E-5            
-2171.7173               -1.781277E-5             
-2070.707                -1.9758689E-5            
-1969.6968               -2.1133332E-5            
-1868.687                -2.2673634E-5            
-1767.6768               -2.438282E-5             
-1666.6665               -2.7694758E-5            
-1565.6567               -3.0383873E-5            
-1464.6465               -3.4239416E-5            
-1363.6362               -3.514899E-5             
-1262.6265               -3.846825E-5             
-1161.6162               -4.4049026E-5            
-1060.606                -4.768559E-5             
-959.59595               -4.8208094E-5            
-858.58594               -5.1658415E-5            
-757.5757                -5.4488824E-5            
-656.5659                -5.600934E-5             
-555.55566               -6.548331E-5             
-454.5454                -4.7661448E-5            
-353.53564               -3.402521E-5             
-252.52539               -2.5796257E-5            
-151.51514               -1.975758E-5             
-50.504883               -6.19683E-8              
50.504883                -3.980223E-6             
151.51514                1.6224384E-6             
252.52539                -3.864294E-5             
353.53564                -4.342424E-5             
454.5454                 -4.3674383E-5            
555.55566                -5.4486194E-5            
656.5654                 -5.5661647E-5            
757.5757                 -5.406789E-5             
858.58594                -5.6279492E-5            
959.5962                 -5.218829E-5             
1060.6064                -4.5108678E-5            
1161.6162                -4.1149568E-5            
1262.626                 -4.159602E-5             
1363.6362                -3.6610658E-5            
1464.6465                -3.323955E-5             
1565.6567                -2.9868444E-5            
1666.667                 -2.7830874E-5            
1767.6763                -2.457264E-5             
1868.6865                -2.2921029E-5            
1969.6968                -2.1269416E-5            
2070.707                 -1.8946195E-5            
2171.7173                -1.7345474E-5            
2272.7275                -1.5853719E-5            
2373.7373                -1.4627454E-5            
2474.747                 -1.3545674E-5            
2575.7573                -1.2280445E-5            
2676.7676                -1.1430754E-5            
2777.7778                -1.0543904E-5            
2878.788                 -9.482324E-6             
2979.7979                -8.726554E-6             
3080.808                 -7.783024E-6             
3181.8184                -7.413586E-6             
3282.8281                -7.04415E-6              
3383.8389                -6.674711E-6             
3484.8486                -6.3052753E-6            
3585.8584                -5.9358395E-6            
3686.8682                -5.5664036E-6            
3787.879                 -5.196964E-6             
3888.8887                -4.8275288E-6            
3989.8994                -4.4580893E-6            
4090.9092                -4.0886534E-6            
4191.919                 -3.933095E-6             
4292.9287                -3.6012373E-6            
4393.9395                -3.2693763E-6            
4494.949                 -2.9375185E-6            
4595.96                  -3.0327524E-6            
4696.9697                -3.2422165E-6            
4797.9795                -3.137242E-6             
4898.99                  -2.9298885E-6            
5000.0                   -2.765054E-6             
