% x                      y                        z                        
-30000.0                 -0.002035488             
-29698.492               -0.0020840755            
-29396.984               -0.002136387             
-29095.477               -0.002192422             
-28793.97                -0.0022521806            
-28492.463               -0.0023156633            
-28190.955               -0.0023828696            
-27889.447               -0.0024537998            
-27587.94                -0.002528454             
-27286.432               -0.0026068315            
-26984.924               -0.002688933             
-26683.418               -0.0027747578            
-26381.91                -0.0028643068            
-26080.402               -0.0029575794            
-25778.895               -0.003054576             
-25477.387               -0.0031552962            
-25175.879               -0.0032597403            
-24874.371               -0.003367908             
-24572.863               -0.0034797995            
-24271.357               -0.003595414             
-23969.85                -0.003714753             
-23668.342               -0.003837816             
-23366.834               -0.0039646025            
-23065.326               -0.004095113             
-22763.818               -0.0042293468            
-22462.312               -0.004367304             
-22160.805               -0.004508985             
-21859.297               -0.0046543907            
-21557.79                -0.0048035197            
-21256.281               -0.0049563725            
-20954.773               -0.005122624             
-20653.266               -0.0053129327            
-20351.758               -0.005524989             
-20050.25                -0.0057587926            
-19748.744               -0.0060143415            
-19447.234               -0.006291641             
-19145.729               -0.006590684             
-18844.223               -0.006911474             
-18542.715               -0.007254013             
-18241.207               -0.007618299             
-17939.7                 -0.008004333             
-17638.191               -0.008412113             
-17336.684               -0.008841641             
-17035.176               -0.009292916             
-16733.668               -0.009765939             
-16432.16                -0.010260709             
-16130.653               -0.010777224             
-15829.1455              -0.011315487             
-15527.638               -0.011875499             
-15226.131               -0.012457255             
-14924.623               -0.013060761             
-14623.115               -0.013686013             
-14321.608               -0.014333011             
-14020.1                 -0.015069211             
-13718.593               -0.015943408             
-13417.086               -0.016928433             
-13115.578               -0.018023225             
-12814.07                -0.019147413             
-12512.5625              -0.020334559             
-12211.055               -0.021588923             
-11909.549               -0.022915266             
-11608.041               -0.024318961             
-11306.531               -0.025806071             
-11005.025               -0.027383454             
-10703.518               -0.029059041             
-10402.01                -0.030966898             
-10100.502               -0.03316519              
-9798.994                -0.03563004              
-9497.488                -0.03837656              
-9195.98                 -0.0414214               
-8894.471                -0.044782873             
-8592.965                -0.04848119              
-8291.457                -0.05253894              
-7989.949                -0.05698126              
-7688.4434               -0.061755493             
-7386.9336               -0.06655362              
-7085.4277               -0.071461976             
-6783.92                 -0.0771759               
-6482.412                -0.08460447              
-6180.9043               -0.09327392              
-5879.3965               -0.10318426              
-5577.8906               -0.115057305             
-5276.383                -0.12875126              
-4974.873                -0.1441554               
-4673.367                -0.16126941              
-4371.8594               -0.18009359              
-4070.3516               -0.20499924              
-3768.8438               -0.2347958               
-3467.336                -0.268378                
-3165.83                 -0.3057455               
-2864.3223               -0.35167316              
-2562.8145               -0.4047668               
-2261.3066               -0.4622425               
-1959.7988               -0.5192974               
-1658.291                -0.56573844              
-1356.7852               -0.5969613               
-1055.2754               -0.5783022               
-753.76953               -0.49526712              
-452.26172               -0.33014214              
-150.7539                -0.10703117              
150.7539                 0.12246066               
452.25977                0.35517845               
753.76953                0.52642405               
1055.2773                0.6078743                
1356.7832                0.6317261                
1658.291                 0.6006002                
1959.8008                0.5487463                
2261.3066                0.4905074                
2562.8145                0.43354565               
2864.3203                0.37709114               
3165.8281                0.33060434               
3467.3398                0.2934504                
3768.8438                0.25934446               
4070.3516                0.22828525               
4371.8594                0.20083977               
4673.367                 0.1785951                
4974.875                 0.15954809               
5276.379                 0.14369892               
5577.8906                0.13125136               
5879.3984                0.11998414               
6180.9023                0.10949769               
6482.414                 0.09979162               
6783.918                 0.09093036               
7085.426                 0.083539136              
7386.9375                0.07703917               
7688.4414                0.071042314              
7989.949                 0.066079885              
8291.457                 0.06160474               
8592.965                 0.057441078              
8894.473                 0.053568617              
9195.98                  0.049969174              
9497.488                 0.046626385              
9798.996                 0.043525465              
10100.5                  0.040653024              
10402.012                0.03799673               
10703.516                0.03560954               
11005.023                0.03351752               
11306.535                0.031563003              
11608.039                0.029742848              
11909.547                0.028053883              
12211.059                0.026493136              
12512.5625               0.0250578                
12814.07                 0.023745054              
13115.578                0.022552257              
13417.086                0.021476842              
13718.594                0.020516334              
14020.102                0.019614508              
14321.609                0.018714225              
14623.113                0.01783312               
14924.621                0.016971173              
15226.133                0.016128384              
15527.637                0.015304785              
15829.145                0.014500344              
16130.656                0.0137170935             
16432.16                 0.013122065              
16733.668                0.012549868              
17035.176                0.012000509              
17336.684                0.011473988              
17638.191                0.010970307              
17939.7                  0.010489464              
18241.207                0.010031459              
18542.715                0.009596294              
18844.219                0.009183972              
19145.73                 0.008794478              
19447.234                0.008427833              
19748.742                0.0080840215             
20050.254                0.0077630444             
20351.758                0.0074649146             
20653.266                0.007189619              
20954.773                0.006937162              
21256.281                0.0067021865             
21557.79                 0.0065019345             
21859.297                0.0063050347             
22160.805                0.0061129476             
22462.312                0.0059256726             
22763.82                 0.0057432107             
23065.328                0.005565561              
23366.832                0.0053927256             
23668.34                 0.005224701              
23969.852                0.0050614867             
24271.355                0.0049030893             
24572.863                0.004749502              
24874.371                0.004600727              
25175.879                0.004456765              
25477.387                0.004317615              
25778.895                0.004183278              
26080.402                0.0040537533             
26381.91                 0.0039290413             
26683.418                0.0038091415             
26984.926                0.0036940544             
27286.43                 0.0035837812             
27587.941                0.0034783175             
27889.45                 0.0033776679             
28190.953                0.003281832              
28492.46                 0.0031908073             
28793.973                0.003104594              
29095.477                0.0030231955             
29396.984                0.0029466082             
29698.492                0.0028748338             
30000.0                  0.0028078714             
