% x                      y                        z                        
-30000.0                 -0.0037086268            
-29698.492               -0.003775192             
-29396.984               -0.0038492002            
-29095.477               -0.003930651             
-28793.97                -0.004019545             
-28492.463               -0.004115882             
-28190.955               -0.0042196624            
-27889.447               -0.0043308856            
-27587.94                -0.0044495515            
-27286.432               -0.004575661             
-26984.924               -0.004709213             
-26683.418               -0.0048502074            
-26381.91                -0.0049986457            
-26080.402               -0.005154527             
-25778.895               -0.0053178514            
-25477.387               -0.0054886187            
-25175.879               -0.005666829             
-24874.371               -0.0058524823            
-24572.863               -0.006045579             
-24271.357               -0.006246117             
-23969.85                -0.0064540994            
-23668.342               -0.0066695246            
-23366.834               -0.006892393             
-23065.326               -0.0071227048            
-22763.818               -0.007360459             
-22462.312               -0.007605655             
-22160.805               -0.007858295             
-21859.297               -0.008118379             
-21557.79                -0.008385905             
-21256.281               -0.008660875             
-20954.773               -0.008873555             
-20653.266               -0.009112052             
-20351.758               -0.009385663             
-20050.25                -0.009694391             
-19748.744               -0.0100382315            
-19447.234               -0.010417193             
-19145.729               -0.010831264             
-18844.223               -0.011280451             
-18542.715               -0.0117647555            
-18241.207               -0.0122841755            
-17939.7                 -0.012838711             
-17638.191               -0.013428363             
-17336.684               -0.01405313              
-17035.176               -0.014713012             
-16733.668               -0.015408009             
-16432.16                -0.016138123             
-16130.653               -0.01690335              
-15829.1455              -0.017703693             
-15527.638               -0.018539153             
-15226.131               -0.019409725             
-14924.623               -0.020315416             
-14623.115               -0.021256223             
-14321.608               -0.022232141             
-14020.1                 -0.023393387             
-13718.593               -0.024694249             
-13417.086               -0.026035616             
-13115.578               -0.02741991              
-12814.07                -0.028985953             
-12512.5625              -0.03062508              
-12211.055               -0.03234224              
-11909.549               -0.034142952             
-11608.041               -0.036033463             
-11306.531               -0.03802081              
-11005.025               -0.040112942             
-10703.518               -0.042319078             
-10402.01                -0.04477792              
-10100.502               -0.047586773             
-9798.994                -0.05073116              
-9497.488                -0.054230094             
-9195.98                 -0.05810453              
-8894.471                -0.06237754              
-8592.965                -0.06707454              
-8291.457                -0.072223976             
-7989.949                -0.07785749              
-7688.4434               -0.08422126              
-7386.9336               -0.091713525             
-7085.4277               -0.09984755              
-6783.92                 -0.10876063              
-6482.412                -0.11854622              
-6180.9043               -0.12908024              
-5879.3965               -0.14036271              
-5577.8906               -0.15453713              
-5276.383                -0.17129633              
-4974.873                -0.1903223               
-4673.367                -0.21161462              
-4371.8594               -0.2351737               
-4070.3516               -0.26400352              
-3768.8438               -0.29701328              
-3467.336                -0.3333657               
-3165.83                 -0.37306058              
-2864.3223               -0.42452982              
-2562.8145               -0.47577065              
-2261.3066               -0.5260498               
-1959.7988               -0.5779031               
-1658.291                -0.6145522               
-1356.7852               -0.6307326               
-1055.2754               -0.59179115              
-753.76953               -0.49887845              
-452.26172               -0.33354753              
-150.7539                -0.113235004             
150.7539                 0.1208989                
452.25977                0.34501204               
753.76953                0.50695354               
1055.2773                0.6010403                
1356.7832                0.63178056               
1658.291                 0.6190194                
1959.8008                0.581143                 
2261.3066                0.5298454                
2562.8145                0.47620422               
2864.3203                0.42071626               
3165.8281                0.3786942                
3467.3398                0.33880174               
3768.8438                0.30209494               
4070.3516                0.26857233               
4371.8594                0.2388508                
4673.367                 0.21415302               
4974.875                 0.19252703               
5276.379                 0.17397304               
5577.8906                0.15886702               
5879.3984                0.14528908               
6180.9023                0.13284007               
6482.414                 0.121519506              
6783.918                 0.11122463               
7085.426                 0.10156663               
7386.9375                0.09383686               
7688.4414                0.08717353               
7989.949                 0.08074056               
8291.457                 0.07481375               
8592.965                 0.06940627               
8894.473                 0.06448426               
9195.98                  0.060017396              
9497.488                 0.05597838               
9798.996                 0.05234254               
10100.5                  0.04908753               
10402.012                0.046192836              
10703.516                0.043727335              
11005.023                0.041609883              
11306.535                0.039568257              
11608.039                0.037600752              
11909.547                0.035705585              
12211.059                0.033881113              
12512.5625               0.032125823              
12814.07                 0.030438121              
13115.578                0.02881656               
13417.086                0.027259726              
13718.594                0.025766248              
14020.102                0.024410123              
14321.609                0.02317618               
14623.113                0.022016387              
14924.621                0.020930715              
15226.133                0.019919166              
15527.637                0.01898178               
15829.145                0.018118517              
16130.656                0.01733017               
16432.16                 0.01665483               
16733.668                0.016002286              
17035.176                0.015372543              
17336.684                0.014765603              
17638.191                0.014181464              
17939.7                  0.013620128              
18241.207                0.013081594              
18542.715                0.012565862              
18844.219                0.012072939              
19145.73                 0.011602806              
19447.234                0.011155486              
19748.742                0.010730963              
20050.254                0.010329237              
20351.758                0.009950323              
20653.266                0.009594207              
20954.773                0.009260893              
21256.281                0.008940674              
21557.79                 0.008661347              
21859.297                0.008391235              
22160.805                0.008128458              
22462.312                0.0078730155             
22763.82                 0.0076249093             
23065.328                0.0073841386             
23366.832                0.0071507064             
23668.34                 0.006924607              
23969.852                0.00670584               
24271.355                0.006494414              
24572.863                0.0062903212             
24874.371                0.006093564              
25175.879                0.005904142              
25477.387                0.0057220557             
25778.895                0.005547305              
26080.402                0.0053798896             
26381.91                 0.00521981               
26683.418                0.0050670663             
26984.926                0.0049216575             
27286.43                 0.0047835866             
27587.941                0.0046528475             
27889.45                 0.004529446              
28190.953                0.0044133808             
28492.46                 0.0043046502             
28793.973                0.004203254              
29095.477                0.0041091954             
29396.984                0.004022471              
29698.492                0.003943083              
30000.0                  0.00387103               
