% x                      y                        z                        
-30000.0                 -7.665202E-5             
-29698.492               -1.0846877E-4            
-29396.984               -1.4060122E-4            
-29095.477               -1.7304935E-4            
-28793.97                -2.0581298E-4            
-28492.463               -2.388925E-4             
-28190.955               -2.7228773E-4            
-27889.447               -3.0599866E-4            
-27587.94                -3.4002526E-4            
-27286.432               -3.7436758E-4            
-26984.924               -4.0902558E-4            
-26683.418               -4.4399904E-4            
-26381.91                -4.7928843E-4            
-26080.402               -5.148935E-4             
-25778.895               -5.5081426E-4            
-25477.387               -5.8705074E-4            
-25175.879               -6.2360294E-4            
-24874.371               -6.604708E-4             
-24572.863               -6.976544E-4             
-24271.357               -7.351534E-4             
-23969.85                -7.729683E-4             
-23668.342               -8.1109896E-4            
-23366.834               -8.495453E-4             
-23065.326               -8.883073E-4             
-22763.818               -9.27385E-4              
-22462.312               -9.667782E-4             
-22160.805               -0.0010064873            
-21859.297               -0.0010465122            
-21557.79                -0.0010868526            
-21256.281               -0.0011275088            
-20954.773               -0.001248019             
-20653.266               -0.0013710647            
-20351.758               -0.0014847434            
-20050.25                -0.0015890553            
-19748.744               -0.0016839996            
-19447.234               -0.0017695782            
-19145.729               -0.0018457889            
-18844.223               -0.001912633             
-18542.715               -0.0019701105            
-18241.207               -0.002018221             
-17939.7                 -0.002056965             
-17638.191               -0.0020863416            
-17336.684               -0.0021063515            
-17035.176               -0.0021169947            
-16733.668               -0.0021182708            
-16432.16                -0.0021101802            
-16130.653               -0.0020927228            
-15829.1455              -0.0020658982            
-15527.638               -0.002029707             
-15226.131               -0.0019841488            
-14924.623               -0.0019292238            
-14623.115               -0.0018649318            
-14321.608               -0.0017912732            
-14020.1                 -0.0016767564            
-13718.593               -0.0015109346            
-13417.086               -0.0013095781            
-13115.578               -0.0010730653            
-12814.07                -8.2431146E-4            
-12512.5625              -5.455694E-4             
-12211.055               -2.3480869E-4            
-11909.549               1.1023884E-4             
-11608.041               4.921299E-4              
-11306.531               9.137508E-4              
-11005.025               0.0013783759             
-10703.518               0.0018897759             
-10402.01                0.0025282851             
-10100.502               0.0033639865             
-9798.994                0.004390454              
-9497.488                0.0056185047             
-9195.98                 0.0070600444             
-8894.471                0.008728185              
-8592.965                0.010637396              
-8291.457                0.012803836              
-7989.949                0.015245496              
-7688.4434               0.01810471               
-7386.9336               0.021616982              
-7085.4277               0.025502864              
-6783.92                 0.029956112              
-6482.412                0.0354797                
-6180.9043               0.042030722              
-5879.3965               0.04960919               
-5577.8906               0.058704227              
-5276.383                0.07058185               
-4974.873                0.085296385              
-4673.367                0.10284751               
-4371.8594               0.12323553               
-4070.3516               0.15022993               
-3768.8438               0.18924874               
-3467.336                0.23986085               
-3165.83                 0.3020658                
-2864.3223               0.38100976               
-2562.8145               0.49273232               
-2261.3066               0.63766503               
-1959.7988               0.82958686               
-1658.291                1.0809501                
-1356.7852               1.3931844                
-1055.2754               1.7441199                
-753.76953               2.1114469                
-452.26172               2.4290555                
-150.7539                2.5896509                
150.7539                 2.5985572                
452.25977                2.4376602                
753.76953                2.131542                 
1055.2773                1.7667068                
1356.7832                1.4124689                
1658.291                 1.0966058                
1959.8008                0.84317964               
2261.3066                0.6531497                
2562.8145                0.504801                 
2864.3203                0.39134362               
3165.8281                0.31133845               
3467.3398                0.2461411                
3768.8438                0.19421345               
4070.3516                0.15555319               
4371.8594                0.12891075               
4673.367                 0.10610138               
4974.875                 0.0875863                
5276.379                 0.07336565               
5577.8906                0.062176168              
5879.3984                0.0522247                
6180.9023                0.04357262               
6482.414                 0.036219615              
6783.918                 0.030187871              
7085.426                 0.025504615              
7386.9375                0.021680456              
7688.4414                0.018157339              
7989.949                 0.015294598              
8291.457                 0.012839146              
8592.965                 0.010658396              
8894.473                 0.008734445              
9195.98                  0.0070512495             
9497.488                 0.005594373              
9798.996                 0.0043507656             
10100.5                  0.0033085982             
10402.012                0.0024570494             
10703.516                0.0017851618             
11005.023                0.00120895               
11306.535                6.8997784E-4             
11608.039                2.2692398E-4             
11909.547                -1.8151946E-4            
12211.059                -5.365904E-4             
12512.5625               -8.394698E-4             
12814.07                 -0.0010913203            
13115.578                -0.0012932459            
13417.086                -0.0014463152            
13718.594                -0.0015515592            
14020.102                -0.0016813474            
14321.609                -0.0018289952            
14623.113                -0.0019506494            
14924.621                -0.0020463136            
15226.133                -0.0021159863            
15527.637                -0.0021596656            
15829.145                -0.0021773532            
16130.656                -0.002168933             
16432.16                 -0.0021358768            
16733.668                -0.0020983724            
17035.176                -0.0020564198            
17336.684                -0.0020100193            
17638.191                -0.0019591704            
17939.7                  -0.0019038739            
18241.207                -0.0018441292            
18542.715                -0.0017799364            
18844.219                -0.0017112965            
19145.73                 -0.0016382067            
19447.234                -0.0015606708            
19748.742                -0.0014786859            
20050.254                -0.0013922518            
20351.758                -0.001301372             
20653.266                -0.001206043             
20954.773                -0.0011062658            
21256.281                -0.0010186657            
21557.79                 -9.793439E-4             
21859.297                -9.417229E-4             
22160.805                -9.042841E-4             
22462.312                -8.670276E-4             
22763.82                 -8.299534E-4             
23065.328                -7.9306145E-4            
23366.832                -7.5635227E-4            
23668.34                 -7.1982486E-4            
23969.852                -6.8347924E-4            
24271.355                -6.4731686E-4            
24572.863                -6.1133626E-4            
24874.371                -5.7553797E-4            
25175.879                -5.399219E-4             
25477.387                -5.044881E-4             
25778.895                -4.6923663E-4            
26080.402                -4.3416742E-4            
26381.91                 -3.9928046E-4            
26683.418                -3.645758E-4             
26984.926                -3.300534E-4             
27286.43                 -2.957137E-4             
27587.941                -2.615554E-4             
27889.45                 -2.2757979E-4            
28190.953                -1.9378691E-4            
28492.46                 -1.6017586E-4            
28793.973                -1.2674666E-4            
29095.477                -9.350058E-5             
29396.984                -6.043635E-5             
29698.492                -2.755439E-5             
30000.0                  5.1452967E-6             
