% x                      y                        z                        
-30000.0                 -5.777713E-8             
-29698.492               -5.863781E-8             
-29396.984               -5.949849E-8             
-29095.477               -6.035917E-8             
-28793.97                -6.121984E-8             
-28492.463               -6.2080524E-8            
-28190.955               -6.2941204E-8            
-27889.447               -6.3801885E-8            
-27587.94                -6.4662565E-8            
-27286.432               -6.5523245E-8            
-26984.924               -6.6383926E-8            
-26683.418               -6.7244606E-8            
-26381.91                -6.810529E-8             
-26080.402               -6.896597E-8             
-25778.895               -6.982665E-8             
-25477.387               -7.068733E-8             
-25175.879               -7.154801E-8             
-24874.371               -7.240869E-8             
-24572.863               -7.326937E-8             
-24271.357               -7.413004E-8             
-23969.85                -7.499072E-8             
-23668.342               -7.58514E-8              
-23366.834               -7.6712084E-8            
-23065.326               -7.7572764E-8            
-22763.818               -7.8433445E-8            
-22462.312               -7.929412E-8             
-22160.805               -8.01548E-8              
-21859.297               -8.101548E-8             
-21557.79                -8.187616E-8             
-21256.281               -8.273684E-8             
-20954.773               -4.1604574E-7            
-20653.266               -3.9497007E-7            
-20351.758               -3.7389438E-7            
-20050.25                -3.5281872E-7            
-19748.744               -3.3174317E-7            
-19447.234               -3.1066736E-7            
-19145.729               -2.8959184E-7            
-18844.223               -2.685163E-7             
-18542.715               -2.4744062E-7            
-18241.207               -2.2636493E-7            
-17939.7                 -2.0528927E-7            
-17638.191               -1.8421359E-7            
-17336.684               -1.6313791E-7            
-17035.176               -1.4206223E-7            
-16733.668               -1.2098656E-7            
-16432.16                -9.9910885E-8            
-16130.653               -7.883528E-8             
-15829.1455              -5.7759603E-8            
-15527.638               -3.668393E-8             
-15226.131               -1.5608322E-8            
-14924.623               5.467353E-9              
-14623.115               2.6543027E-8             
-14321.608               4.7618634E-8             
-14020.1                 1.2370793E-7             
-13718.593               1.8509859E-7             
-13417.086               2.4648924E-7             
-13115.578               2.5475572E-7             
-12814.07                3.2755102E-7             
-12512.5625              4.0398444E-7             
-12211.055               4.8444866E-7             
-11909.549               5.6940036E-7             
-11608.041               6.5937684E-7             
-11306.531               7.550124E-7              
-11005.025               8.570616E-7              
-10703.518               9.664377E-7              
-10402.01                1.4055026E-6             
-10100.502               1.7497767E-6             
-9798.994                2.1096482E-6             
-9497.488                2.4865487E-6             
-9195.98                 2.882115E-6              
-8894.471                3.2982127E-6             
-8592.965                3.7369782E-6             
-8291.457                4.2009005E-6             
-7989.949                4.692864E-6              
-7688.4434               6.9649404E-6             
-7386.9336               7.777725E-6              
-7085.4277               8.590499E-6              
-6783.92                 9.948408E-6              
-6482.412                1.164941E-5              
-6180.9043               1.3350412E-5             
-5879.3965               1.5051414E-5             
-5577.8906               1.8895387E-5             
-5276.383                2.329495E-5              
-4974.873                2.769454E-5              
-4673.367                3.209407E-5              
-4371.8594               3.649363E-5              
-4070.3516               4.8269947E-5             
-3768.8438               6.283481E-5              
-3467.336                7.739968E-5              
-3165.83                 9.196445E-5              
-2864.3223               1.2391356E-4             
-2562.8145               1.4873981E-4             
-2261.3066               1.827622E-4              
-1959.7988               2.2209207E-4             
-1658.291                2.702902E-4              
-1356.7852               3.3550456E-4             
-1055.2754               4.0526854E-4             
-753.76953               4.706481E-4              
-452.26172               5.2117865E-4             
-150.7539                4.9502414E-4             
150.7539                 4.1224645E-4             
452.25977                1.4631619E-4             
753.76953                -4.0629948E-5            
1055.2773                -1.5373025E-4            
1356.7832                -2.6226192E-4            
1658.291                 -2.5477228E-4            
1959.8008                -2.4858402E-4            
2261.3066                -2.1789425E-4            
2562.8145                -1.8927077E-4            
2864.3203                -1.4622186E-4            
3165.8281                -1.2426845E-4            
3467.3398                -1.0598592E-4            
3768.8438                -8.770386E-5             
4070.3516                -6.942156E-5             
4371.8594                -5.364528E-5             
4673.367                 -4.533313E-5             
4974.875                 -3.7020985E-5            
5276.379                 -2.8708948E-5            
5577.8906                -2.5759664E-5            
5879.3984                -2.2891893E-5            
6180.9023                -2.0024157E-5            
6482.414                 -1.715635E-5             
6783.918                 -1.349462E-5             
7085.426                 -1.0512795E-5            
7386.9375                -8.3962395E-6            
7688.4414                -7.613109E-6             
7989.949                 -6.778515E-6             
8291.457                 -5.9915756E-6            
8592.965                 -5.264169E-6             
8894.473                 -4.5898155E-6            
9195.98                  -3.96297E-6              
9497.488                 -3.3788565E-6            
9798.996                 -2.8333354E-6            
10100.5                  -2.322807E-6             
10402.012                -1.8440929E-6            
10703.516                -1.247852E-6             
11005.023                -1.1253646E-6            
11306.535                -1.0116952E-6            
11608.039                -9.057317E-7             
11909.547                -8.065454E-7             
12211.059                -7.1336234E-7            
12512.5625               -6.255323E-7             
12814.07                 -5.424955E-7             
13115.578                -4.637758E-7             
13417.086                -5.186467E-7             
13718.594                -4.2675217E-7            
14020.102                -3.3485765E-7            
14321.609                -2.1720946E-7            
14623.113                -1.8316003E-7            
14924.621                -1.4911016E-7            
15226.133                -1.15059855E-7           
15527.637                -8.101043E-8             
15829.145                -4.6960558E-8            
16130.656                -1.2910248E-8            
16432.16                 2.113918E-8              
16733.668                5.5189048E-8             
17035.176                8.923892E-8              
17336.684                1.2328879E-7             
17638.191                1.5733865E-7             
17939.7                  1.9138852E-7             
18241.207                2.2543838E-7             
18542.715                2.5948825E-7             
18844.219                2.9353768E-7             
19145.73                 3.27588E-7               
19447.234                3.616374E-7              
19748.742                3.956873E-7              
20050.254                4.2973758E-7             
20351.758                4.6378702E-7             
20653.266                1.8214057E-7             
20954.773                1.8959346E-7             
21256.281                2.2770517E-7             
21557.79                 9.398878E-8              
21859.297                9.357947E-8              
22160.805                9.3170165E-8             
22462.312                9.276086E-8              
22763.82                 9.235155E-8              
23065.328                9.194223E-8              
23366.832                9.153293E-8              
23668.34                 9.1123624E-8             
23969.852                9.071431E-8              
24271.355                9.030501E-8              
24572.863                8.989569E-8              
24874.371                8.9486385E-8             
25175.879                8.9077076E-8             
25477.387                8.866777E-8              
25778.895                8.825846E-8              
26080.402                8.784915E-8              
26381.91                 8.7439844E-8             
26683.418                8.703053E-8              
26984.926                8.662122E-8              
27286.43                 8.621192E-8              
27587.941                8.5802604E-8             
27889.45                 8.5393296E-8             
28190.953                8.498399E-8              
28492.46                 8.457468E-8              
28793.973                8.4165364E-8             
29095.477                8.375606E-8              
29396.984                8.3346755E-8             
29698.492                8.293745E-8              
30000.0                  8.252813E-8              
