% x                      y                        z                        
-30000.0                 4.0555024E-5             
-29698.492               6.220026E-6              
-29396.984               -2.8916771E-5            
-29095.477               -6.485537E-5             
-28793.97                -1.0159552E-4            
-28492.463               -1.3913772E-4            
-28190.955               -1.774817E-4             
-27889.447               -2.166275E-4             
-27587.94                -2.5657506E-4            
-27286.432               -2.9732447E-4            
-26984.924               -3.3887566E-4            
-26683.418               -3.8122837E-4            
-26381.91                -4.2438315E-4            
-26080.402               -4.683397E-4             
-25778.895               -5.130981E-4             
-25477.387               -5.5865827E-4            
-25175.879               -6.0502026E-4            
-24874.371               -6.52184E-4              
-24572.863               -7.001496E-4             
-24271.357               -7.4891665E-4            
-23969.85                -7.984858E-4             
-23668.342               -8.488568E-4             
-23366.834               -9.000296E-4             
-23065.326               -9.5200416E-4            
-22763.818               -0.0010047805            
-22462.312               -0.0010583583            
-22160.805               -0.0011127383            
-21859.297               -0.0011679201            
-21557.79                -0.0012239036            
-21256.281               -0.001280689             
-20954.773               -0.001427679             
-20653.266               -0.0015804427            
-20351.758               -0.001723237             
-20050.25                -0.0018560617            
-19748.744               -0.0019789163            
-19447.234               -0.0020918031            
-19145.729               -0.002194719             
-18844.223               -0.0022876654            
-18542.715               -0.0023706432            
-18241.207               -0.0024436514            
-17939.7                 -0.00250669              
-17638.191               -0.0025597597            
-17336.684               -0.0026028594            
-17035.176               -0.00263599              
-16733.668               -0.002659151             
-16432.16                -0.0026723426            
-16130.653               -0.0026755647            
-15829.1455              -0.0026688175            
-15527.638               -0.0026521008            
-15226.131               -0.0026254149            
-14924.623               -0.0025887592            
-14623.115               -0.0025421341            
-14321.608               -0.00248554              
-14020.1                 -0.0023742171            
-13718.593               -0.0021992135            
-13417.086               -0.001983692             
-13115.578               -0.0017278566            
-12814.07                -0.0014664308            
-12512.5625              -0.001165668             
-12211.055               -8.229044E-4             
-11909.549               -4.3516426E-4            
-11608.041               9.0555966E-7             
-11306.531               4.890914E-4              
-11005.025               0.0010336902             
-10703.518               0.0016396468             
-10402.01                0.0023933542             
-10100.502               0.003386205              
-9798.994                0.0046161343             
-9497.488                0.006096585              
-9195.98                 0.007842354              
-8894.471                0.009869733              
-8592.965                0.012196709              
-8291.457                0.0148433605             
-7989.949                0.017832048              
-7688.4434               0.021387396              
-7386.9336               0.025961282              
-7085.4277               0.031137092              
-6783.92                 0.03714127               
-6482.412                0.044325612              
-6180.9043               0.052555796              
-5879.3965               0.061831824              
-5577.8906               0.07318954               
-5276.383                0.088151                 
-4974.873                0.10672113               
-4673.367                0.12889954               
-4371.8594               0.15468664               
-4070.3516               0.18851261               
-3768.8438               0.23486565               
-3467.336                0.29312658               
-3165.83                 0.36329496               
-2864.3223               0.45547175               
-2562.8145               0.57959443               
-2261.3066               0.73501587               
-1959.7988               0.933002                 
-1658.291                1.1842997                
-1356.7852               1.4933014                
-1055.2754               1.8298795                
-753.76953               2.1751194                
-452.26172               2.4726164                
-150.7539                2.6404908                
150.7539                 2.6500597                
452.25977                2.4726121                
753.76953                2.1784902                
1055.2773                1.8396027                
1356.7832                1.4971317                
1658.291                 1.1880195                
1959.8008                0.9344365                
2261.3066                0.73677176               
2562.8145                0.5781492                
2864.3203                0.45574456               
3165.8281                0.36832473               
3467.3398                0.29562354               
3768.8438                0.2362442                
4070.3516                0.1901842                
4371.8594                0.15680367               
4673.367                 0.12948725               
4974.875                 0.10706693               
5276.379                 0.08954292               
5577.8906                0.07535631               
5879.3984                0.062818035              
6180.9023                0.052085027              
6482.414                 0.043156914              
6783.918                 0.035986897              
7085.426                 0.03018376               
7386.9375                0.025827985              
7688.4414                0.022082372              
7989.949                 0.018620817              
8291.457                 0.015512748              
8592.965                 0.012761332              
8894.473                 0.0103433225             
9195.98                  0.00823789               
9497.488                 0.006426291              
9798.996                 0.0048915823             
10100.5                  0.0036184043             
10402.012                0.00259271               
10703.516                0.0018161648             
11005.023                0.0011920864             
11306.535                6.3125766E-4             
11608.039                1.2861598E-4             
11909.547                -3.2029615E-4            
12211.059                -7.1937684E-4            
12512.5625               -0.0010720616            
12814.07                 -0.0013814344            
13115.578                -0.0016502358            
13417.086                -0.0019117971            
13718.594                -0.0021367974            
14020.102                -0.0023224915            
14321.609                -0.0024404977            
14623.113                -0.002506166             
14924.621                -0.002561078             
15226.133                -0.0026052333            
15527.637                -0.0026386308            
15829.145                -0.0026612717            
16130.656                -0.0026731556            
16432.16                 -0.0026742825            
16733.668                -0.0026646524            
17035.176                -0.0026442653            
17336.684                -0.002613121             
17638.191                -0.0025712198            
17939.7                  -0.0025185617            
18241.207                -0.0024551465            
18542.715                -0.0023809741            
18844.219                -0.0022960461            
19145.73                 -0.0022003588            
19447.234                -0.0020939168            
19748.742                -0.0019767166            
20050.254                -0.0018487577            
20351.758                -0.0017100453            
20653.266                -0.0015491536            
20954.773                -0.0013709323            
21256.281                -0.0012293432            
21557.79                 -0.0011742885            
21859.297                -0.0011233735            
22160.805                -0.0010730186            
22462.312                -0.0010232237            
22763.82                 -9.73989E-4              
23065.328                -9.253143E-4             
23366.832                -8.7720033E-4            
23668.34                 -8.296458E-4             
23969.852                -7.826507E-4             
24271.355                -7.362169E-4             
24572.863                -6.9034257E-4            
24874.371                -6.450283E-4             
25175.879                -6.002741E-4             
25477.387                -5.5608E-4               
25778.895                -5.12446E-4              
26080.402                -4.69372E-4              
26381.91                 -4.268581E-4             
26683.418                -3.8490427E-4            
26984.926                -3.435105E-4             
27286.43                 -3.0267736E-4            
27587.941                -2.6240322E-4            
27889.45                 -2.2268966E-4            
28190.953                -1.835367E-4             
28492.46                 -1.4494329E-4            
28793.973                -1.0690946E-4            
29095.477                -6.943668E-5             
29396.984                -3.252349E-5             
29698.492                3.8296334E-6             
30000.0                  3.9622686E-5             
