% x                      y                        z                        
-30000.0                 -0.0038491338            
-29698.492               -0.003920242             
-29396.984               -0.0039986335            
-29095.477               -0.0040843077            
-28793.97                -0.004177265             
-28492.463               -0.004277505             
-28190.955               -0.004385029             
-27889.447               -0.0044998354            
-27587.94                -0.0046219253            
-27286.432               -0.0047512976            
-26984.924               -0.004887954             
-26683.418               -0.0050318916            
-26381.91                -0.0051831137            
-26080.402               -0.0053416183            
-25778.895               -0.0055074063            
-25477.387               -0.0056804777            
-25175.879               -0.005860832             
-24874.371               -0.006048469             
-24572.863               -0.0062433896            
-24271.357               -0.0064455913            
-23969.85                -0.006655078             
-23668.342               -0.0068718474            
-23366.834               -0.0070959               
-23065.326               -0.0073272353            
-22763.818               -0.007565854             
-22462.312               -0.0078117545            
-22160.805               -0.008064939             
-21859.297               -0.008325407             
-21557.79                -0.008593158             
-21256.281               -0.008868191             
-20954.773               -0.00911118              
-20653.266               -0.009377315             
-20351.758               -0.009674952             
-20050.25                -0.010004094             
-19748.744               -0.010364736             
-19447.234               -0.010756887             
-19145.729               -0.011180536             
-18844.223               -0.011635688             
-18542.715               -0.012122347             
-18241.207               -0.01264051              
-17939.7                 -0.013190175             
-17638.191               -0.013771345             
-17336.684               -0.014384017             
-17035.176               -0.0150281945            
-16733.668               -0.015703874             
-16432.16                -0.016411057             
-16130.653               -0.017149743             
-15829.1455              -0.017919933             
-15527.638               -0.018721627             
-15226.131               -0.019554822             
-14924.623               -0.020419523             
-14623.115               -0.021315727             
-14321.608               -0.022243433             
-14020.1                 -0.023394791             
-13718.593               -0.024732564             
-13417.086               -0.026138714             
-13115.578               -0.027613051             
-12814.07                -0.029117988             
-12512.5625              -0.030681929             
-12211.055               -0.03230887              
-11909.549               -0.034003265             
-11608.041               -0.035770163             
-11306.531               -0.03761524              
-11005.025               -0.039544918             
-10703.518               -0.04156664              
-10402.01                -0.04379504              
-10100.502               -0.04632761              
-9798.994                -0.049156476             
-9497.488                -0.052298427             
-9195.98                 -0.055771977             
-8894.471                -0.05959749              
-8592.965                -0.063797414             
-8291.457                -0.06839687              
-7989.949                -0.073423795             
-7688.4434               -0.07904772              
-7386.9336               -0.085331775             
-7085.4277               -0.09184432              
-6783.92                 -0.09906921              
-6482.412                -0.10745456              
-6180.9043               -0.11660501              
-5879.3965               -0.12652056              
-5577.8906               -0.13803546              
-5276.383                -0.15118341              
-4974.873                -0.16585517              
-4673.367                -0.18205045              
-4371.8594               -0.19976954              
-4070.3516               -0.22162405              
-3768.8438               -0.2451799               
-3467.336                -0.26968995              
-3165.83                 -0.295154                
-2864.3223               -0.32849312              
-2562.8145               -0.36298373              
-2261.3066               -0.3957652               
-1959.7988               -0.4283541               
-1658.291                -0.45165265              
-1356.7852               -0.46171203              
-1055.2754               -0.43362764              
-753.76953               -0.35876217              
-452.26172               -0.227989                
-150.7539                -0.034840498             
150.7539                 0.18063696               
452.25977                0.39890718               
753.76953                0.5681116                
1055.2773                0.6700833                
1356.7832                0.7166985                
1658.291                 0.70965576               
1959.8008                0.67527616               
2261.3066                0.62526923               
2562.8145                0.5702449                
2864.3203                0.50893664               
3165.8281                0.45536554               
3467.3398                0.41078866               
3768.8438                0.3689152                
4070.3516                0.32974353               
4371.8594                0.29353487               
4673.367                 0.2620718                
4974.875                 0.23541865               
5276.379                 0.21357568               
5577.8906                0.19571802               
5879.3984                0.1790809                
6180.9023                0.16345707               
6482.414                 0.1488459                
6783.918                 0.13540561               
7085.426                 0.12387664               
7386.9375                0.11381167               
7688.4414                0.10459078               
7989.949                 0.096984506              
8291.457                 0.090269715              
8592.965                 0.08407398               
8894.473                 0.07836349               
9195.98                  0.073107935              
9497.488                 0.06828004               
9798.996                 0.063855164              
10100.5                  0.059810974              
10402.012                0.056126952              
10703.516                0.052866727              
11005.023                0.05000655               
11306.535                0.047308017              
11608.039                0.04475824               
11909.547                0.04234579               
12211.059                0.0400607                
12512.5625               0.03789424               
12814.07                 0.035838492              
13115.578                0.03388646               
13417.086                0.032034792              
13718.594                0.030292436              
14020.102                0.028659705              
14321.609                0.027279254              
14623.113                0.026126413              
14924.621                0.025011752              
15226.133                0.023935271              
15527.637                0.022897013              
15829.145                0.021896934              
16130.656                0.020935036              
16432.16                 0.02001136               
16733.668                0.019125864              
17035.176                0.018278563              
17336.684                0.017469456              
17638.191                0.016698543              
17939.7                  0.015965825              
18241.207                0.015271302              
18542.715                0.014614973              
18844.219                0.013996846              
19145.73                 0.0134168975             
19447.234                0.012875157              
19748.742                0.012371605              
20050.254                0.011906242              
20351.758                0.011479083              
20653.266                0.011102552              
20954.773                0.010772908              
21256.281                0.010441186              
21557.79                 0.010102829              
21859.297                0.009771499              
22160.805                0.0094494                
22462.312                0.0091365315             
22763.82                 0.008832893              
23065.328                0.008538486              
23366.832                0.008253314              
23668.34                 0.007977368              
23969.852                0.0077106496             
24271.355                0.0074531687             
24572.863                0.0072049154             
24874.371                0.006965893              
25175.879                0.0067361007             
25477.387                0.0065155393             
25778.895                0.0063042087             
26080.402                0.006102109              
26381.91                 0.00590924               
26683.418                0.0057256017             
26984.926                0.005551194              
27286.43                 0.005386019              
27587.941                0.005230071              
27889.45                 0.005083355              
28190.953                0.0049458724             
28492.46                 0.004817618              
28793.973                0.004698593              
29095.477                0.0045888023             
29396.984                0.00448824               
29698.492                0.004396909              
30000.0                  0.0043148086             
