% x                      y                        z                        
-30000.0                 -0.0037855965            
-29698.492               -0.0038518005            
-29396.984               -0.003925759             
-29095.477               -0.004007471             
-28793.97                -0.0040969364            
-28492.463               -0.0041941563            
-28190.955               -0.0042991303            
-27889.447               -0.0044118585            
-27587.94                -0.0045323404            
-27286.432               -0.004660576             
-26984.924               -0.0047965664            
-26683.418               -0.004940309             
-26381.91                -0.0050918073            
-26080.402               -0.005251059             
-25778.895               -0.005418065             
-25477.387               -0.0055928244            
-25175.879               -0.0057753385            
-24874.371               -0.0059656063            
-24572.863               -0.006163628             
-24271.357               -0.0063694026            
-23969.85                -0.006582932             
-23668.342               -0.0068042157            
-23366.834               -0.0070332536            
-23065.326               -0.007270045             
-22763.818               -0.007514591             
-22462.312               -0.007766889             
-22160.805               -0.008026943             
-21859.297               -0.00829475              
-21557.79                -0.008570312             
-21256.281               -0.008853626             
-20954.773               -0.009092113             
-20653.266               -0.009351962             
-20351.758               -0.0096437195            
-20050.25                -0.009967387             
-19748.744               -0.010322959             
-19447.234               -0.010710445             
-19145.729               -0.011129834             
-18844.223               -0.011581131             
-18542.715               -0.0120643405            
-18241.207               -0.012579458             
-17939.7                 -0.013126484             
-17638.191               -0.013705418             
-17336.684               -0.014316262             
-17035.176               -0.014959014             
-16733.668               -0.015633674             
-16432.16                -0.016340243             
-16130.653               -0.017078718             
-15829.1455              -0.017849104             
-15527.638               -0.018651398             
-15226.131               -0.019485598             
-14924.623               -0.02035171              
-14623.115               -0.02124973              
-14321.608               -0.022179656             
-14020.1                 -0.023367167             
-13718.593               -0.024765905             
-13417.086               -0.026236594             
-13115.578               -0.027778946             
-12814.07                -0.02934009              
-12512.5625              -0.030965166             
-12211.055               -0.032658502             
-11909.549               -0.034424923             
-11608.041               -0.0362699               
-11306.531               -0.03819958              
-11005.025               -0.04022093              
-10703.518               -0.042342007             
-10402.01                -0.04471002              
-10100.502               -0.04745261              
-9798.994                -0.05055886              
-9497.488                -0.05404939              
-9195.98                 -0.057946905             
-8894.471                -0.062276404             
-8592.965                -0.06706545              
-8291.457                -0.07234486              
-7989.949                -0.07814894              
-7688.4434               -0.084614776             
-7386.9336               -0.091727965             
-7085.4277               -0.09914193              
-6783.92                 -0.107350655             
-6482.412                -0.11704673              
-6180.9043               -0.12791036              
-5879.3965               -0.13994157              
-5577.8906               -0.1542603               
-5276.383                -0.17079577              
-4974.873                -0.18939038              
-4673.367                -0.21004373              
-4371.8594               -0.23275621              
-4070.3516               -0.26258224              
-3768.8438               -0.29684502              
-3467.336                -0.33413404              
-3165.83                 -0.37444907              
-2864.3223               -0.4211687               
-2562.8145               -0.4715726               
-2261.3066               -0.5232489               
-1959.7988               -0.57485765              
-1658.291                -0.610143                
-1356.7852               -0.62591416              
-1055.2754               -0.59303564              
-753.76953               -0.49997658              
-452.26172               -0.33745727              
-150.7539                -0.11775824              
150.7539                 0.11668592               
452.25977                0.33787653               
753.76953                0.50255835               
1055.2773                0.5964254                
1356.7832                0.6322856                
1658.291                 0.6164166                
1959.8008                0.57820183               
2261.3066                0.52767354               
2562.8145                0.4732323                
2864.3203                0.41750905               
3165.8281                0.3729232                
3467.3398                0.33568245               
3768.8438                0.30060115               
4070.3516                0.2676779                
4371.8594                0.2372604                
4673.367                 0.21133353               
4974.875                 0.18959033               
5276.379                 0.17203103               
5577.8906                0.15760092               
5879.3984                0.14410281               
6180.9023                0.13147931               
6482.414                 0.11972993               
6783.918                 0.1090483                
7085.426                 0.10015009               
7386.9375                0.09258303               
7688.4414                0.08557265               
7989.949                 0.07928245               
8291.457                 0.07359889               
8592.965                 0.06838539               
8894.473                 0.06361131               
9195.98                  0.05924922               
9497.488                 0.0552744                
9798.996                 0.051664535              
10100.5                  0.0483994                
10402.012                0.04546043               
10703.516                0.042902566              
11005.023                0.04068                  
11306.535                0.038573544              
11608.039                0.036573954              
11909.547                0.034673                 
12211.059                0.032863535              
12512.5625               0.03113929               
12814.07                 0.029494563              
13115.578                0.027924336              
13417.086                0.026445556              
13718.594                0.025039576              
14020.102                0.023704644              
14321.609                0.022573853              
14623.113                0.021643354              
14924.621                0.020743566              
15226.133                0.019874493              
15527.637                0.019036166              
15829.145                0.018228553              
16130.656                0.017451655              
16432.16                 0.016705504              
16733.668                0.015990065              
17035.176                0.0153053515             
17336.684                0.014651363              
17638.191                0.014028099              
17939.7                  0.013435561              
18241.207                0.012873747              
18542.715                0.012342659              
18844.219                0.011842301              
19145.73                 0.011372656              
19447.234                0.010933747              
19748.742                0.010525557              
20050.254                0.0101480875             
20351.758                0.009801352              
20653.266                0.009495845              
20954.773                0.009228423              
21256.281                0.00895349               
21557.79                 0.008666018              
21859.297                0.008385056              
22160.805                0.008112014              
22462.312                0.007846893              
22763.82                 0.0075896927             
23065.328                0.007340413              
23366.832                0.007099057              
23668.34                 0.0068656188             
23969.852                0.006640098              
24271.355                0.0064225034             
24572.863                0.006212827              
24874.371                0.0060110707             
25175.879                0.0058172354             
25477.387                0.0056313206             
25778.895                0.0054533267             
26080.402                0.005283253              
26381.91                 0.0051211                
26683.418                0.0049668676             
26984.926                0.0048205564             
27286.43                 0.004682167              
27587.941                0.0045516947             
27889.45                 0.004429145              
28190.953                0.004314517              
28492.46                 0.0042078085             
28793.973                0.0041090194             
29095.477                0.0040181535             
29396.984                0.0039352067             
29698.492                0.0038601805             
30000.0                  0.003793075              
