% x                      y                        z                        
-30000.0                 -0.0049808105            
-29698.492               -0.0050853905            
-29396.984               -0.0051999553            
-29095.477               -0.0053245053            
-28793.97                -0.0054590395            
-28492.463               -0.0056035593            
-28190.955               -0.0057580643            
-27889.447               -0.005922554             
-27587.94                -0.006097029             
-27286.432               -0.006281489             
-26984.924               -0.006475934             
-26683.418               -0.0066803624            
-26381.91                -0.006894777             
-26080.402               -0.007119177             
-25778.895               -0.007353562             
-25477.387               -0.0075979317            
-25175.879               -0.007852286             
-24874.371               -0.008116626             
-24572.863               -0.008390951             
-24271.357               -0.008675259             
-23969.85                -0.008969554             
-23668.342               -0.009273834             
-23366.834               -0.009588098             
-23065.326               -0.009912348             
-22763.818               -0.010246583             
-22462.312               -0.0105908               
-22160.805               -0.010945005             
-21859.297               -0.011309194             
-21557.79                -0.011683369             
-21256.281               -0.012067529             
-20954.773               -0.012437644             
-20653.266               -0.012844094             
-20351.758               -0.013293322             
-20050.25                -0.013785328             
-19748.744               -0.014320109             
-19447.234               -0.014897675             
-19145.729               -0.0155180115            
-18844.223               -0.016181126             
-18542.715               -0.016887022             
-18241.207               -0.017635697             
-17939.7                 -0.01842715              
-17638.191               -0.019261383             
-17336.684               -0.02013839              
-17035.176               -0.02105818              
-16733.668               -0.022020744             
-16432.16                -0.023026088             
-16130.653               -0.024074208             
-15829.1455              -0.025165107             
-15527.638               -0.026298786             
-15226.131               -0.02747524              
-14924.623               -0.028694475             
-14623.115               -0.029956488             
-14321.608               -0.031261273             
-14020.1                 -0.032873776             
-13718.593               -0.03478244              
-13417.086               -0.036834307             
-13115.578               -0.039028857             
-12814.07                -0.041252926             
-12512.5625              -0.04356897              
-12211.055               -0.045983218             
-11909.549               -0.048502613             
-11608.041               -0.051135026             
-11306.531               -0.0538893               
-11005.025               -0.05677546              
-10703.518               -0.059805088             
-10402.01                -0.063133635             
-10100.502               -0.066908985             
-9798.994                -0.07112582              
-9497.488                -0.07580915              
-9195.98                 -0.08098657              
-8894.471                -0.08668841              
-8592.965                -0.09294812              
-8291.457                -0.099803135             
-7989.949                -0.10729508              
-7688.4434               -0.11544287              
-7386.9336               -0.123897925             
-7085.4277               -0.13254264              
-6783.92                 -0.14211945              
-6482.412                -0.15357679              
-6180.9043               -0.16640097              
-5879.3965               -0.18059202              
-5577.8906               -0.19630592              
-5276.383                -0.21370563              
-4974.873                -0.23278561              
-4673.367                -0.25354546              
-4371.8594               -0.27598557              
-4070.3516               -0.30267614              
-3768.8438               -0.33098835              
-3467.336                -0.35992098              
-3165.83                 -0.38947377              
-2864.3223               -0.41811112              
-2562.8145               -0.44345817              
-2261.3066               -0.4644142               
-1959.7988               -0.47520435              
-1658.291                -0.4664667               
-1356.7852               -0.4369657               
-1055.2754               -0.375573                
-753.76953               -0.2865605               
-452.26172               -0.18035698              
-150.7539                -0.061741725             
150.7539                 0.05787612               
452.25977                0.1766765                
753.76953                0.2872706                
1055.2773                0.3749594                
1356.7832                0.4356317                
1658.291                 0.46623042               
1959.8008                0.47405794               
2261.3066                0.46372515               
2562.8145                0.44344497               
2864.3203                0.4153746                
3165.8281                0.38492578               
3467.3398                0.35769635               
3768.8438                0.3308016                
4070.3516                0.30424047               
4371.8594                0.27785307               
4673.367                 0.25304234               
4974.875                 0.23137462               
5276.379                 0.21285011               
5577.8906                0.1969522                
5879.3984                0.18197018               
6180.9023                0.1677774                
6482.414                 0.15437333               
6783.918                 0.14208673               
7085.426                 0.13213722               
7386.9375                0.12287644               
7688.4414                0.113860704              
7989.949                 0.10612155               
8291.457                 0.09916214               
8592.965                 0.09270833               
8894.473                 0.08672715               
9195.98                  0.081189096              
9497.488                 0.07606762               
9798.996                 0.0713387                
10100.5                  0.0669806                
10402.012                0.06297333               
10703.516                0.05940689               
11005.023                0.056298614              
11306.535                0.053360984              
11608.039                0.05058041               
11909.547                0.047944807              
12211.059                0.045443665              
12512.5625               0.04306778               
12814.07                 0.04080877               
13115.578                0.03865927               
13417.086                0.03660346               
13718.594                0.03468411               
14020.102                0.032903533              
14321.609                0.031380486              
14623.113                0.030067805              
14924.621                0.028797826              
15226.133                0.027570548              
15527.637                0.026386019              
15829.145                0.025244193              
16130.656                0.024145072              
16432.16                 0.023088697              
16733.668                0.022075027              
17035.176                0.021104075              
17336.684                0.02017584               
17638.191                0.019290326              
17939.7                  0.018447528              
18241.207                0.017647449              
18542.715                0.016890088              
18844.219                0.016175456              
19145.73                 0.015503523              
19447.234                0.014874325              
19748.742                0.014287838              
20050.254                0.013744062              
20351.758                0.013243018              
20653.266                0.012798299              
20954.773                0.012405445              
21256.281                0.012019243              
21557.79                 0.011638942              
21859.297                0.011264934              
22160.805                0.010900947              
22462.312                0.01054698               
22763.82                 0.010203035              
23065.328                0.009869109              
23366.832                0.009545208              
23668.34                 0.009231323              
23969.852                0.008927455              
24271.355                0.008633615              
24572.863                0.008349792              
24874.371                0.00807599               
25175.879                0.0078122076             
25477.387                0.007558446              
25778.895                0.007314705              
26080.402                0.0070809843             
26381.91                 0.0068572843             
26683.418                0.006643605              
26984.926                0.006439946              
27286.43                 0.0062463097             
27587.941                0.0060626897             
27889.45                 0.005889092              
28190.953                0.0057255174             
28492.46                 0.005571961              
28793.973                0.005428423              
29095.477                0.0052949092             
29396.984                0.0051714145             
29698.492                0.0050579403             
30000.0                  0.004954486              
