% x                      y                        z                        
-30000.0                 -0.0038237993            
-29698.492               -0.003915391             
-29396.984               -0.0040145633            
-29095.477               -0.004121316             
-28793.97                -0.0042356486            
-28492.463               -0.0043575624            
-28190.955               -0.004487057             
-27889.447               -0.004624132             
-27587.94                -0.004768788             
-27286.432               -0.004921024             
-26984.924               -0.0050808406            
-26683.418               -0.005248237             
-26381.91                -0.0054232148            
-26080.402               -0.0056057735            
-25778.895               -0.0057959124            
-25477.387               -0.005993632             
-25175.879               -0.0061989324            
-24874.371               -0.006411813             
-24572.863               -0.0066322745            
-24271.357               -0.006860315             
-23969.85                -0.007095937             
-23668.342               -0.00733914              
-23366.834               -0.0075899237            
-23065.326               -0.007848288             
-22763.818               -0.008114233             
-22462.312               -0.008387756             
-22160.805               -0.008668862             
-21859.297               -0.008957548             
-21557.79                -0.009253815             
-21256.281               -0.0095576625            
-20954.773               -0.00983721              
-20653.266               -0.010147884             
-20351.758               -0.01049728              
-20050.25                -0.010885403             
-19748.744               -0.011312246             
-19447.234               -0.01177782              
-19145.729               -0.012282114             
-18844.223               -0.0128251305            
-18542.715               -0.013406876             
-18241.207               -0.014027345             
-17939.7                 -0.01468654              
-17638.191               -0.015384459             
-17336.684               -0.016121102             
-17035.176               -0.016896471             
-16733.668               -0.017710565             
-16432.16                -0.018563384             
-16130.653               -0.019454924             
-15829.1455              -0.02038519              
-15527.638               -0.021354184             
-15226.131               -0.022361897             
-14924.623               -0.023408338             
-14623.115               -0.024493506             
-14321.608               -0.025617393             
-14020.1                 -0.026919298             
-13718.593               -0.02833088              
-13417.086               -0.029756408             
-13115.578               -0.031197166             
-12814.07                -0.032905705             
-12512.5625              -0.03472326              
-12211.055               -0.03665721              
-11909.549               -0.03871579              
-11608.041               -0.040908314             
-11306.531               -0.04324527              
-11005.025               -0.045738548             
-10703.518               -0.048401866             
-10402.01                -0.051412184             
-10100.502               -0.05470339              
-9798.994                -0.058211368             
-9497.488                -0.061948396             
-9195.98                 -0.06592804              
-8894.471                -0.070165195             
-8592.965                -0.07467626              
-8291.457                -0.079479635             
-7989.949                -0.084595755             
-7688.4434               -0.09035709              
-7386.9336               -0.09769515              
-7085.4277               -0.10609672              
-6783.92                 -0.11535027              
-6482.412                -0.12502393              
-6180.9043               -0.13520668              
-5879.3965               -0.1458985               
-5577.8906               -0.15843509              
-5276.383                -0.17299698              
-4974.873                -0.18942131              
-4673.367                -0.20770776              
-4371.8594               -0.22785665              
-4070.3516               -0.25059885              
-3768.8438               -0.2760788               
-3467.336                -0.30437258              
-3165.83                 -0.33547997              
-2864.3223               -0.37351248              
-2562.8145               -0.412416                
-2261.3066               -0.45247322              
-1959.7988               -0.4933284               
-1658.291                -0.52450967              
-1356.7852               -0.54302484              
-1055.2754               -0.5207555               
-753.76953               -0.45306328              
-452.26172               -0.31777796              
-150.7539                -0.11305122              
150.7539                 0.117506556              
452.25977                0.35921934               
753.76953                0.551251                 
1055.2773                0.6769928                
1356.7832                0.73622453               
1658.291                 0.7393699                
1959.8008                0.7103025                
2261.3066                0.65836                  
2562.8145                0.6016588                
2864.3203                0.5401307                
3165.8281                0.4892971                
3467.3398                0.43986532               
3768.8438                0.3943186                
4070.3516                0.3526551                
4371.8594                0.31569043               
4673.367                 0.2848502                
4974.875                 0.25727317               
5276.379                 0.23295957               
5577.8906                0.21207668               
5879.3984                0.1932292                
6180.9023                0.17615534               
6482.414                 0.16085447               
6783.918                 0.14723608               
7085.426                 0.13448182               
7386.9375                0.12442164               
7688.4414                0.115895085              
7989.949                 0.10734102               
8291.457                 0.09937342               
8592.965                 0.09209793               
8894.473                 0.08546941               
9195.98                  0.07944744               
9497.488                 0.07399563               
9798.996                 0.06908109               
10100.5                  0.06467404               
10402.012                0.060747135              
10703.516                0.057231598              
11005.023                0.053923286              
11306.535                0.05082769               
11608.039                0.047927823              
11909.547                0.045208637              
12211.059                0.04265702               
12512.5625               0.04026146               
12814.07                 0.03801153               
13115.578                0.035898026              
13417.086                0.03414078               
13718.594                0.03244136               
14020.102                0.030776469              
14321.609                0.029274927              
14623.113                0.02796886               
14924.621                0.0267075                
15226.133                0.025490848              
15527.637                0.024318954              
15829.145                0.023191767              
16130.656                0.022109292              
16432.16                 0.02107157               
16733.668                0.02007856               
17035.176                0.019130273              
17336.684                0.018226713              
17638.191                0.017367875              
17939.7                  0.016553765              
18241.207                0.01578438               
18542.715                0.015059717              
18844.219                0.014379788              
19145.73                 0.013744568              
19447.234                0.0131540885             
19748.742                0.012608326              
20050.254                0.012107282              
20351.758                0.011650976              
20653.266                0.01125524               
20954.773                0.010915058              
21256.281                0.01057435               
21557.79                 0.01021335               
21859.297                0.009868229              
22160.805                0.009532794              
22462.312                0.009207046              
22763.82                 0.008890983              
23065.328                0.008584606              
23366.832                0.008287921              
23668.34                 0.008000917              
23969.852                0.007723595              
24271.355                0.0074559664             
24572.863                0.007198021              
24874.371                0.006949761              
25175.879                0.0067111873             
25477.387                0.0064823                
25778.895                0.0062630987             
26080.402                0.0060535837             
26381.91                 0.0058537545             
26683.418                0.0056636115             
26984.926                0.0054831547             
27286.43                 0.0053123864             
27587.941                0.0051512998             
27889.45                 0.004999901              
28190.953                0.0048581907             
28492.46                 0.0047261645             
28793.973                0.0046038227             
29095.477                0.0044911704             
29396.984                0.0043882024             
29698.492                0.0042949202             
30000.0                  0.0042113247             
