% x                      y                        z                        
-30000.0                 9.751189E-5              
-29698.492               6.4255575E-5             
-29396.984               3.0790605E-5             
-29095.477               -2.8830243E-6            
-28793.97                -3.676509E-5             
-28492.463               -7.0856026E-5            
-28190.955               -1.05155625E-4           
-27889.447               -1.3966388E-4            
-27587.94                -1.7438078E-4            
-27286.432               -2.0930635E-4            
-26984.924               -2.4444057E-4            
-26683.418               -2.797832E-4             
-26381.91                -3.1533476E-4            
-26080.402               -3.5109493E-4            
-25778.895               -3.870638E-4             
-25477.387               -4.232413E-4             
-25175.879               -4.5962745E-4            
-24874.371               -4.962223E-4             
-24572.863               -5.330257E-4             
-24271.357               -5.7003764E-4            
-23969.85                -6.072584E-4             
-23668.342               -6.4468785E-4            
-23366.834               -6.823259E-4             
-23065.326               -7.201727E-4             
-22763.818               -7.582281E-4             
-22462.312               -7.964919E-4             
-22160.805               -8.349646E-4             
-21859.297               -8.73646E-4              
-21557.79                -9.1253605E-4            
-21256.281               -9.516347E-4             
-20954.773               -0.0010885284            
-20653.266               -0.0012334922            
-20351.758               -0.0013695512            
-20050.25                -0.0014967053            
-19748.744               -0.0016149541            
-19447.234               -0.0017242995            
-19145.729               -0.0018247389            
-18844.223               -0.0019162735            
-18542.715               -0.0019989042            
-18241.207               -0.0020726298            
-17939.7                 -0.0021374507            
-17638.191               -0.002193367             
-17336.684               -0.0022403784            
-17035.176               -0.002278485             
-16733.668               -0.0023076872            
-16432.16                -0.0023279844            
-16130.653               -0.0023393768            
-15829.1455              -0.0023418644            
-15527.638               -0.0023354474            
-15226.131               -0.0023201255            
-14924.623               -0.002295899             
-14623.115               -0.0022627676            
-14321.608               -0.0022207317            
-14020.1                 -0.0021219638            
-13718.593               -0.0019633428            
-13417.086               -0.0017712049            
-13115.578               -0.0015456043            
-12814.07                -0.0012944798            
-12512.5625              -0.0010061965            
-12211.055               -6.7823834E-4            
-11909.549               -3.0779425E-4            
-11608.041               1.0830322E-4             
-11306.531               5.736308E-4              
-11005.025               0.0010922473             
-10703.518               0.001668824              
-10402.01                0.002375357              
-10100.502               0.0032745467             
-9798.994                0.0043618293             
-9497.488                0.0056478707             
-9195.98                 0.0071444106             
-8894.471                0.008864376              
-8592.965                0.010822034              
-8291.457                0.013033317              
-7989.949                0.015515966              
-7688.4434               0.01846683               
-7386.9336               0.022305572              
-7085.4277               0.026674036              
-6783.92                 0.031796053              
-6482.412                0.037936844              
-6180.9043               0.04493419               
-5879.3965               0.052788094              
-5577.8906               0.062216744              
-5276.383                0.07422222               
-4974.873                0.0888029                
-4673.367                0.10595846               
-4371.8594               0.12568922               
-4070.3516               0.15165557               
-3768.8438               0.18662037               
-3467.336                0.2300319                
-3165.83                 0.28188974               
-2864.3223               0.34844193               
-2562.8145               0.4367623                
-2261.3066               0.54636425               
-1959.7988               0.68892                  
-1658.291                0.87730366               
-1356.7852               1.1135689                
-1055.2754               1.3927889                
-753.76953               1.7058941                
-452.26172               2.012157                 
-150.7539                2.2480712                
150.7539                 2.3557427                
452.25977                2.3034565                
753.76953                2.1202087                
1055.2773                1.8585074                
1356.7832                1.5673271                
1658.291                 1.2841896                
1959.8008                1.0400473                
2261.3066                0.83759993               
2562.8145                0.670101                 
2864.3203                0.5333024                
3165.8281                0.43393955               
3467.3398                0.3520711                
3768.8438                0.28416878               
4070.3516                0.23022965               
4371.8594                0.18984428               
4673.367                 0.15724604               
4974.875                 0.1303318                
5276.379                 0.10910183               
5577.8906                0.09210713               
5879.3984                0.07703823               
6180.9023                0.063926235              
6482.414                 0.05277068               
6783.918                 0.043681696              
7085.426                 0.036835987              
7386.9375                0.031416833              
7688.4414                0.026460383              
7989.949                 0.022237873              
8291.457                 0.018556243              
8592.965                 0.015288199              
8894.473                 0.0124067785             
9195.98                  0.009887833              
9497.488                 0.007709624              
9798.996                 0.0058525046             
10100.5                  0.004298666              
10402.012                0.003031816              
10703.516                0.0020592657             
11005.023                0.001278472              
11306.535                5.76119E-4               
11608.039                -5.407119E-5             
11909.547                -6.1762676E-4            
12211.059                -0.0011193819            
12512.5625               -0.0015635968            
12814.07                 -0.0019540964            
13115.578                -0.0022942792            
13417.086                -0.0026205876            
13718.594                -0.002897552             
14020.102                -0.003122042             
14321.609                -0.003258297             
14623.113                -0.0033282146            
14924.621                -0.0033851413            
15226.133                -0.0034290769            
15527.637                -0.0034600196            
15829.145                -0.0034779713            
16130.656                -0.0034829313            
16432.16                 -0.0034748996            
16733.668                -0.0034538761            
17035.176                -0.003419861             
17336.684                -0.0033728539            
17638.191                -0.0033128553            
17939.7                  -0.003239865             
18241.207                -0.003153883             
18542.715                -0.0030549094            
18844.219                -0.0029429453            
19145.73                 -0.0028179868            
19447.234                -0.0026800397            
19748.742                -0.0025290994            
20050.254                -0.0023651652            
20351.758                -0.0021882434            
20653.266                -0.0019847206            
20954.773                -0.0017602621            
21256.281                -0.0015811586            
21557.79                 -0.0015142881            
21859.297                -0.0014517558            
22160.805                -0.0013898195            
22462.312                -0.0013284793            
22763.82                 -0.001267735             
23065.328                -0.0012075868            
23366.832                -0.0011480354            
23668.34                 -0.0010890793            
23969.852                -0.0010307184            
24271.355                -9.72955E-4              
24572.863                -9.1578695E-4            
24874.371                -8.5921487E-4            
25175.879                -8.032388E-4             
25477.387                -7.4785884E-4            
25778.895                -6.9307483E-4            
26080.402                -6.388869E-4             
26381.91                 -5.852949E-4             
26683.418                -5.32299E-4              
26984.926                -4.7989908E-4            
27286.43                 -4.280959E-4             
27587.941                -3.7688736E-4            
27889.45                 -3.2627553E-4            
28190.953                -2.7626037E-4            
28492.46                 -2.2684058E-4            
28793.973                -1.7801618E-4            
29095.477                -1.2978907E-4            
29396.984                -8.2157356E-5            
29698.492                -3.5121662E-5            
30000.0                  1.1318008E-5             
