% x                      y                        z                        
-30000.0                 9.102278E-5              
-29698.492               4.5915756E-5             
-29396.984               -3.2961616E-8            
-29095.477               -4.6823367E-5            
-28793.97                -9.445515E-5             
-28492.463               -1.4292893E-4            
-28190.955               -1.9224439E-4            
-27889.447               -2.4240155E-4            
-27587.94                -2.934004E-4             
-27286.432               -3.4524093E-4            
-26984.924               -3.9792314E-4            
-26683.418               -4.5144671E-4            
-26381.91                -5.058123E-4             
-26080.402               -5.610196E-4             
-25778.895               -6.1706855E-4            
-25477.387               -6.739592E-4             
-25175.879               -7.316916E-4             
-24874.371               -7.902656E-4             
-24572.863               -8.496814E-4             
-24271.357               -9.0993836E-4            
-23969.85                -9.710375E-4             
-23668.342               -0.0010329783            
-23366.834               -0.0010957607            
-23065.326               -0.001159385             
-22763.818               -0.0012238508            
-22462.312               -0.0012891579            
-22160.805               -0.0013553072            
-21859.297               -0.001422298             
-21557.79                -0.0014901307            
-21256.281               -0.001558805             
-20954.773               -0.001748105             
-20653.266               -0.001946867             
-20351.758               -0.00213416              
-20050.25                -0.0023099838            
-19748.744               -0.0024743378            
-19447.234               -0.002627225             
-19145.729               -0.0027686413            
-18844.223               -0.0028985888            
-18542.715               -0.0030170684            
-18241.207               -0.0031240787            
-17939.7                 -0.0032196203            
-17638.191               -0.0033036931            
-17336.684               -0.0033762967            
-17035.176               -0.0034374315            
-16733.668               -0.0034870973            
-16432.16                -0.0035252944            
-16130.653               -0.0035520222            
-15829.1455              -0.0035672812            
-15527.638               -0.0035710714            
-15226.131               -0.0035633927            
-14924.623               -0.003544245             
-14623.115               -0.0035136284            
-14321.608               -0.0034715428            
-14020.1                 -0.003365998             
-13718.593               -0.0031851763            
-13417.086               -0.0029556348            
-13115.578               -0.0026774548            
-12814.07                -0.002366042             
-12512.5625              -0.0020079324            
-12211.055               -0.0015999645            
-11909.549               -0.0011386054            
-11608.041               -6.198747E-4             
-11306.531               -3.9277715E-5            
-11005.025               6.082863E-4              
-10703.518               0.0013286876             
-10402.01                0.0022524307             
-10100.502               0.003467754              
-9798.994                0.004957582              
-9497.488                0.006737479              
-9195.98                 0.0088245785             
-8894.471                0.011237746              
-8592.965                0.013997805              
-8291.457                0.017128006              
-7989.949                0.020654237              
-7688.4434               0.024810495              
-7386.9336               0.029995041              
-7085.4277               0.03574237               
-6783.92                 0.042301193              
-6482.412                0.050210852              
-6180.9043               0.059378386              
-5879.3965               0.0698038                
-5577.8906               0.081905775              
-5276.383                0.09710484               
-4974.873                0.115479454              
-4673.367                0.13702923               
-4371.8594               0.16175455               
-4070.3516               0.19361176               
-3768.8438               0.23341152               
-3467.336                0.2802232                
-3165.83                 0.33404633               
-2864.3223               0.4017425                
-2562.8145               0.48094833               
-2261.3066               0.57067204               
-1959.7988               0.6724006                
-1658.291                0.77914435               
-1356.7852               0.8883689                
-1055.2754               0.9763385                
-753.76953               1.038294                 
-452.26172               1.0697323                
-150.7539                1.0751451                
150.7539                 1.0769873                
452.25977                1.0704488                
753.76953                1.0384684                
1055.2773                0.9749099                
1356.7832                0.88653666               
1658.291                 0.7787265                
1959.8008                0.66987395               
2261.3066                0.56816536               
2562.8145                0.47797492               
2864.3203                0.39866364               
3165.8281                0.3353928                
3467.3398                0.28085715               
3768.8438                0.23388733               
4070.3516                0.19448143               
4371.8594                0.16270065               
4673.367                 0.13664012               
4974.875                 0.11484454               
5276.379                 0.09731411               
5577.8906                0.08280681               
5879.3984                0.06982911               
6180.9023                0.05848306               
6482.414                 0.048768267              
6783.918                 0.04071717               
7085.426                 0.034234114              
7386.9375                0.029206008              
7688.4414                0.02481652               
7989.949                 0.020868748              
8291.457                 0.017351765              
8592.965                 0.014225084              
8894.473                 0.011463262              
9195.98                  0.009043509              
9497.488                 0.0069453116             
9798.996                 0.0051501286             
10100.5                  0.003641153              
10402.012                0.0024030092             
10703.516                0.0014580147             
11005.023                7.261353E-4              
11306.535                6.772961E-5              
11608.039                -5.230831E-4             
11909.547                -0.0010514813            
12211.059                -0.0015219935            
12512.5625               -0.0019386102            
12814.07                 -0.0023049142            
13115.578                -0.0026240891            
13417.086                -0.0029252677            
13718.594                -0.0031835297            
14020.102                -0.00339653              
14321.609                -0.0035146412            
14623.113                -0.0035529758            
14924.621                -0.0035798615            
15226.133                -0.0035952975            
15527.637                -0.0035992838            
15829.145                -0.0035918208            
16130.656                -0.0035729078            
16432.16                 -0.0035425457            
16733.668                -0.003500734             
17035.176                -0.0034474726            
17336.684                -0.0033827615            
17638.191                -0.003306601             
17939.7                  -0.0032189908            
18241.207                -0.003119931             
18542.715                -0.0030094218            
18844.219                -0.0028874646            
19145.73                 -0.0027540545            
19447.234                -0.0026091984            
19748.742                -0.002452891             
20050.254                -0.002285132             
20351.758                -0.0021059276            
20653.266                -0.0019028444            
20954.773                -0.0016809666            
21256.281                -0.0015007342            
21557.79                 -0.0014331274            
21859.297                -0.001370186             
22160.805                -0.0013078687            
22462.312                -0.0012461755            
22763.82                 -0.0011851063            
23065.328                -0.0011246613            
23366.832                -0.0010648412            
23668.34                 -0.0010056443            
23969.852                -9.4707083E-4            
24271.355                -8.8912295E-4            
24572.863                -8.317984E-4             
24874.371                -7.75098E-4              
25175.879                -7.1902166E-4            
25477.387                -6.6356943E-4            
25778.895                -6.0874125E-4            
26080.402                -5.545372E-4             
26381.91                 -5.009573E-4             
26683.418                -4.4800143E-4            
26984.926                -3.956697E-4             
27286.43                 -3.4396272E-4            
27587.941                -2.9287848E-4            
27889.45                 -2.4241905E-4            
28190.953                -1.9258434E-4            
28492.46                 -1.4337306E-4            
28793.973                -9.478528E-5             
29095.477                -4.6822846E-5            
29396.984                5.16119E-7               
29698.492                4.7230984E-5             
30000.0                  9.332175E-5              
