% x                      y                        z                        
-30000.0                 -0.0014474367            
-29698.492               -0.0014786439            
-29396.984               -0.001512957             
-29095.477               -0.0015503763            
-28793.97                -0.0015909016            
-28492.463               -0.0016345332            
-28190.955               -0.001681271             
-27889.447               -0.0017311149            
-27587.94                -0.001784065             
-27286.432               -0.0018401213            
-26984.924               -0.0018992837            
-26683.418               -0.0019615518            
-26381.91                -0.0020269265            
-26080.402               -0.0020954073            
-25778.895               -0.0021669944            
-25477.387               -0.0022416876            
-25175.879               -0.0023194868            
-24874.371               -0.0024003924            
-24572.863               -0.002484404             
-24271.357               -0.002571521             
-23969.85                -0.002661745             
-23668.342               -0.0027550752            
-23366.834               -0.0028515114            
-23065.326               -0.002951054             
-22763.818               -0.0030537024            
-22462.312               -0.0031594564            
-22160.805               -0.003268317             
-21859.297               -0.0033802842            
-21557.79                -0.0034953572            
-21256.281               -0.0036135365            
-20954.773               -0.003715697             
-20653.266               -0.0038288138            
-20351.758               -0.0039569587            
-20050.25                -0.004100131             
-19748.744               -0.0042583295            
-19447.234               -0.0044315583            
-19145.729               -0.0046198126            
-18844.223               -0.004823094             
-18542.715               -0.005041404             
-18241.207               -0.0052747424            
-17939.7                 -0.005523108             
-17638.191               -0.0057865013            
-17336.684               -0.0060649225            
-17035.176               -0.006358371             
-16733.668               -0.0066668475            
-16432.16                -0.0069903512            
-16130.653               -0.007328882             
-15829.1455              -0.0076824413            
-15527.638               -0.0080510285            
-15226.131               -0.008434641             
-14924.623               -0.008833284             
-14623.115               -0.009246954             
-14321.608               -0.009675649             
-14020.1                 -0.010176311             
-13718.593               -0.010725863             
-13417.086               -0.01128637              
-13115.578               -0.011858246             
-12814.07                -0.012520848             
-12512.5625              -0.013220498             
-12211.055               -0.013959708             
-11909.549               -0.014741275             
-11608.041               -0.015568364             
-11306.531               -0.016444542             
-11005.025               -0.017373847             
-10703.518               -0.018360944             
-10402.01                -0.019461907             
-10100.502               -0.02067115              
-9798.994                -0.02197249              
-9497.488                -0.023371149             
-9195.98                 -0.02487288              
-8894.471                -0.026484016             
-8592.965                -0.028211525             
-8291.457                -0.030063227             
-7989.949                -0.032047797             
-7688.4434               -0.034275252             
-7386.9336               -0.03698642              
-7085.4277               -0.03998053              
-6783.92                 -0.043229938             
-6482.412                -0.04665798              
-6180.9043               -0.050269105             
-5879.3965               -0.054063313             
-5577.8906               -0.05840849              
-5276.383                -0.06326913              
-4974.873                -0.06859227              
-4673.367                -0.07437782              
-4371.8594               -0.08062588              
-4070.3516               -0.087459385             
-3768.8438               -0.09441039              
-3467.336                -0.10140622              
-3165.83                 -0.10844681              
-2864.3223               -0.11581674              
-2562.8145               -0.1213271               
-2261.3066               -0.12466602              
-1959.7988               -0.12388074              
-1658.291                -0.11753676              
-1356.7852               -0.10510205              
-1055.2754               -0.08596843              
-753.76953               -0.06322362              
-452.26172               -0.038680635             
-150.7539                -0.01866617              
150.7539                 -6.110368E-4             
452.25977                0.020313011              
753.76953                0.044914026              
1055.2773                0.06924853               
1356.7832                0.08991516               
1658.291                 0.1039276                
1959.8008                0.111356094              
2261.3066                0.1125117                
2562.8145                0.1103597                
2864.3203                0.1052789                
3165.8281                0.099571936              
3467.3398                0.09324728               
3768.8438                0.08686981               
4070.3516                0.080439284              
4371.8594                0.07406809               
4673.367                 0.06828994               
4974.875                 0.06292474               
5276.379                 0.057972547              
5577.8906                0.053512324              
5879.3984                0.04941982               
6180.9023                0.045654442              
6482.414                 0.042216055              
6783.918                 0.039078657              
7085.426                 0.03606058               
7386.9375                0.033595182              
7688.4414                0.031461075              
7989.949                 0.029309323              
8291.457                 0.02729469               
8592.965                 0.025445554              
8894.473                 0.023751132              
9195.98                  0.02220175               
9497.488                 0.02078871               
9798.996                 0.01950415               
10100.5                  0.018340945              
10402.012                0.017292555              
10703.516                0.016341949              
11005.023                0.0154419625             
11306.535                0.014596107              
11608.039                0.013800064              
11909.547                0.013050001              
12211.059                0.012342582              
12512.5625               0.011674879              
12814.07                 0.011044238              
13115.578                0.010448316              
13417.086                0.009949627              
13718.594                0.009467505              
14020.102                0.008995507              
14321.609                0.008569638              
14623.113                0.008198549              
14924.621                0.007839975              
15226.133                0.0074939164             
15527.637                0.007160388              
15829.145                0.0068393755             
16130.656                0.0065308795             
16432.16                 0.006234912              
16733.668                0.005951461              
17035.176                0.005680531              
17336.684                0.005422121              
17638.191                0.0051762317             
17939.7                  0.004942863              
18241.207                0.0047220145             
18542.715                0.004513687              
18844.219                0.0043178825             
19145.73                 0.0041345935             
19447.234                0.0039638295             
19748.742                0.0038055838             
20050.254                0.003659857              
20351.758                0.003526654              
20653.266                0.003410906              
20954.773                0.003310952              
21256.281                0.003210226              
21557.79                 0.0031046958             
21859.297                0.0030032762             
22160.805                0.0029046794             
22462.312                0.0028089047             
22763.82                 0.0027159527             
23065.328                0.002625823              
23366.832                0.0025385171             
23668.34                 0.0024540324             
23969.852                0.0023723694             
24271.355                0.0022935306             
24572.863                0.0022175135             
24874.371                0.0021443188             
25175.879                0.0020739464             
25477.387                0.0020063967             
25778.895                0.0019416694             
26080.402                0.0018797645             
26381.91                 0.0018206822             
26683.418                0.0017644223             
26984.926                0.001710985              
27286.43                 0.0016603707             
27587.941                0.0016125776             
27889.45                 0.0015676076             
28190.953                0.0015254607             
28492.46                 0.0014861356             
28793.973                0.0014496327             
29095.477                0.001415953              
29396.984                0.0013850955             
29698.492                0.0013570604             
30000.0                  0.0013318477             
