% x                      y                        z                        
-30000.0                 -0.005052508             
-29698.492               -0.0051497347            
-29396.984               -0.0052576056            
-29095.477               -0.00537612              
-28793.97                -0.0055052773            
-28492.463               -0.005645079             
-28190.955               -0.005795525             
-27889.447               -0.005956614             
-27587.94                -0.006128347             
-27286.432               -0.0063107237            
-26984.924               -0.006503744             
-26683.418               -0.006707407             
-26381.91                -0.0069217146            
-26080.402               -0.0071466663            
-25778.895               -0.0073822616            
-25477.387               -0.0076285005            
-25175.879               -0.007885383             
-24874.371               -0.00815291              
-24572.863               -0.00843108              
-24271.357               -0.008719891             
-23969.85                -0.009019349             
-23668.342               -0.00932945              
-23366.834               -0.009650195             
-23065.326               -0.009981584             
-22763.818               -0.010323616             
-22462.312               -0.01067629              
-22160.805               -0.011039609             
-21859.297               -0.011413572             
-21557.79                -0.01179818              
-21256.281               -0.01219343              
-20954.773               -0.012513694             
-20653.266               -0.012865808             
-20351.758               -0.013266884             
-20050.25                -0.013716922             
-19748.744               -0.014215919             
-19447.234               -0.014763886             
-19145.729               -0.015360808             
-18844.223               -0.016006691             
-18542.715               -0.016701542             
-18241.207               -0.017445354             
-17939.7                 -0.01823813              
-17638.191               -0.019079866             
-17336.684               -0.019970566             
-17035.176               -0.02091023              
-16733.668               -0.021898855             
-16432.16                -0.022936441             
-16130.653               -0.024022987             
-15829.1455              -0.0251585               
-15527.638               -0.026342975             
-15226.131               -0.027576407             
-14924.623               -0.028858807             
-14623.115               -0.03019017              
-14321.608               -0.03157049              
-14020.1                 -0.033194635             
-13718.593               -0.034983646             
-13417.086               -0.036807705             
-13115.578               -0.038668077             
-12814.07                -0.040810436             
-12512.5625              -0.043071494             
-12211.055               -0.045459285             
-11909.549               -0.047982782             
-11608.041               -0.05065212              
-11306.531               -0.05347872              
-11005.025               -0.05647553              
-10703.518               -0.05965749              
-10402.01                -0.06323297              
-10100.502               -0.06720386              
-9798.994                -0.07151344              
-9497.488                -0.07618088              
-9195.98                 -0.08122737              
-8894.471                -0.08667618              
-8592.965                -0.09255295              
-8291.457                -0.09888642              
-7989.949                -0.10570852              
-7688.4434               -0.113416635             
-7386.9336               -0.12285803              
-7085.4277               -0.13329677              
-6783.92                 -0.1444341               
-6482.412                -0.15600751              
-6180.9043               -0.16826649              
-5879.3965               -0.18121105              
-5577.8906               -0.19657026              
-5276.383                -0.21401198              
-4974.873                -0.23327167              
-4673.367                -0.25434896              
-4371.8594               -0.2772442               
-4070.3516               -0.30302072              
-3768.8438               -0.3303018               
-3467.336                -0.3587477               
-3165.83                 -0.38835824              
-2864.3223               -0.41926497              
-2562.8145               -0.44386575              
-2261.3066               -0.4632399               
-1959.7988               -0.474847                
-1658.291                -0.4657315               
-1356.7852               -0.43490824              
-1055.2754               -0.37472275              
-753.76953               -0.2864268               
-452.26172               -0.17582051              
-150.7539                -0.059010968             
150.7539                 0.06004643               
452.25977                0.17867897               
753.76953                0.28663233               
1055.2773                0.37466738               
1356.7832                0.4344144                
1658.291                 0.4663139                
1959.8008                0.47560206               
2261.3066                0.46453702               
2562.8145                0.44236413               
2864.3203                0.41319638               
3165.8281                0.385751                 
3467.3398                0.3574212                
3768.8438                0.32992896               
4070.3516                0.30327326               
4371.8594                0.27771994               
4673.367                 0.2544577                
4974.875                 0.23314552               
5276.379                 0.21378359               
5577.8906                0.19695126               
5879.3984                0.18170305               
6180.9023                0.16773623               
6482.414                 0.15505031               
6783.918                 0.14340408               
7085.426                 0.1318721                
7386.9375                0.122625224              
7688.4414                0.114762485              
7989.949                 0.10688725               
8291.457                 0.09952009               
8592.965                 0.09276389               
8894.473                 0.08657884               
9195.98                  0.08092923               
9497.488                 0.07578294               
9798.996                 0.07111095               
10100.5                  0.06688696               
10402.012                0.06308683               
10703.516                0.05964809               
11005.023                0.056394648              
11306.535                0.0533376                
11608.039                0.050461266              
11909.547                0.04775176               
12211.059                0.045196958              
12512.5625               0.04278625               
12814.07                 0.040510003              
13115.578                0.03835972               
13417.086                0.036554735              
13718.594                0.034812175              
14020.102                0.033109434              
14321.609                0.031571664              
14623.113                0.030226653              
14924.621                0.028926654              
15226.133                0.027671669              
15527.637                0.026461745              
15829.145                0.025296833              
16130.656                0.024176938              
16432.16                 0.023102101              
16733.668                0.02207228               
17035.176                0.021087486              
17336.684                0.020147724              
17638.191                0.01925299               
17939.7                  0.018403286              
18241.207                0.01759861               
18542.715                0.016838966              
18844.219                0.016124358              
19145.73                 0.015454764              
19447.234                0.014830214              
19748.742                0.014250686              
20050.254                0.013716181              
20351.758                0.013226719              
20653.266                0.012799468              
20954.773                0.0124287                
21256.281                0.012056291              
21557.79                 0.011665932              
21859.297                0.011290654              
22160.805                0.010925661              
22462.312                0.010570954              
22763.82                 0.010226532              
23065.328                0.009892396              
23366.832                0.009568549              
23668.34                 0.009254984              
23969.852                0.008951699              
24271.355                0.008658709              
24572.863                0.0083759995             
24874.371                0.008103576              
25175.879                0.007841438              
25477.387                0.007589585              
25778.895                0.0073480178             
26080.402                0.007116736              
26381.91                 0.0068957396             
26683.418                0.0066850283             
26984.926                0.006484603              
27286.43                 0.0062944656             
27587.941                0.0061146086             
27889.45                 0.0059450394             
28190.953                0.0057857577             
28492.46                 0.0056367596             
28793.973                0.005498045              
29095.477                0.0053696195             
29396.984                0.0052514775             
29698.492                0.005143621              
30000.0                  0.00504605               
