% x                      y                        z                        
-5000.0                  -3.8532937E-7            
-4898.9897               -3.935385E-7             
-4797.98                 -4.0211967E-7            
-4696.9697               -4.389766E-7             
-4595.9595               -4.4278391E-7            
-4494.9497               -4.4751778E-7            
-4393.9395               -4.5322957E-7            
-4292.929                -4.599743E-7             
-4191.919                -4.67811E-7              
-4090.9092               -4.7680297E-7            
-3989.899                -4.870185E-7             
-3888.889                -4.98531E-7              
-3787.879                -5.1141967E-7            
-3686.8687               -5.257701E-7             
-3585.8586               -5.4167475E-7            
-3484.8484               -8.20425E-7              
-3383.8384               -8.3815746E-7            
-3282.8284               -8.592307E-7             
-3181.818                -8.246165E-7             
-3080.808                -9.278189E-7             
-2979.7979               -1.0435297E-6            
-2878.7878               -1.1735164E-6            
-2777.7778               -1.3199015E-6            
-2676.7678               -1.3996411E-6            
-2575.7576               -1.5305305E-6            
-2474.7476               -1.5571659E-6            
-2373.7373               -1.7151835E-6            
-2272.7273               -1.8747345E-6            
-2171.7173               -2.025415E-6             
-2070.707                -2.087718E-6             
-1969.6968               -2.1873834E-6            
-1868.687                -2.4397498E-6            
-1767.6768               -2.4359404E-6            
-1666.6665               -2.3708412E-6            
-1565.6567               -2.4415197E-6            
-1464.6465               -2.444093E-6             
-1363.6362               -2.0244286E-6            
-1262.6265               -1.5646173E-6            
-1161.6162               -2.2709888E-7            
-1060.606                1.7516538E-6             
-959.59595               4.311326E-6              
-858.58594               6.024045E-6              
-757.5757                1.3833765E-5             
-656.5659                2.3205042E-5             
-555.55566               3.8433187E-5             
-454.5454                4.7372163E-5             
-353.53564               8.015706E-5              
-252.52539               1.4344539E-4             
-151.51514               2.1298183E-4             
-50.504883               2.2928769E-4             
50.504883                2.2407174E-4             
151.51514                1.9501183E-4             
252.52539                1.2266145E-4             
353.53564                8.190099E-5              
454.5454                 4.5903296E-5             
555.55566                3.506008E-5              
656.5654                 2.1543066E-5             
757.5757                 1.4003419E-5             
858.58594                6.414388E-6              
959.5962                 3.631028E-6              
1060.6064                1.5909908E-6             
1161.6162                3.800136E-7              
1262.626                 -1.3053689E-6            
1363.6362                -1.9858749E-6            
1464.6465                -2.406341E-6             
1565.6567                -2.548961E-6             
1666.667                 -2.4611654E-6            
1767.6763                -2.396392E-6             
1868.6865                -2.3726886E-6            
1969.6968                -2.2271172E-6            
2070.707                 -2.0881505E-6            
2171.7173                -1.9034193E-6            
2272.7275                -1.8291216E-6            
2373.7373                -1.6734137E-6            
2474.747                 -1.3579421E-6            
2575.7573                -1.3594496E-6            
2676.7676                -1.5229764E-6            
2777.7778                -1.3903635E-6            
2878.788                 -1.2577508E-6            
2979.7979                -1.1292838E-6            
3080.808                 -9.774342E-7             
3181.8184                -8.4171654E-7            
3282.8281                -7.201186E-7             
3383.8389                -8.323235E-7             
3484.8486                -7.914787E-7             
3585.8584                -5.401545E-7             
3686.8682                -5.2449064E-7            
3787.879                 -5.101958E-7             
3888.8887                -4.9720916E-7            
3989.8994                -4.85473E-7              
4090.9092                -4.749332E-7             
4191.919                 -4.6553836E-7            
4292.9287                -4.5723996E-7            
4393.9395                -4.4999194E-7            
4494.949                 -4.437509E-7             
4595.96                  -4.412117E-7             
4696.9697                -4.2528686E-7            
4797.9795                -4.0943254E-7            
4898.99                  -3.9364838E-7            
5000.0                   -3.333026E-7             
