% x                      y                        z                        
-30000.0                 -0.016012069             
-29698.492               -0.016320728             
-29396.984               -0.016663203             
-29095.477               -0.017039498             
-28793.97                -0.01744961              
-28492.463               -0.017893542             
-28190.955               -0.018371291             
-27889.447               -0.018882861             
-27587.94                -0.019428248             
-27286.432               -0.020007454             
-26984.924               -0.020620476             
-26683.418               -0.021267315             
-26381.91                -0.021947976             
-26080.402               -0.022662455             
-25778.895               -0.023410752             
-25477.387               -0.024192868             
-25175.879               -0.025008801             
-24874.371               -0.025858555             
-24572.863               -0.026742127             
-24271.357               -0.02765951              
-23969.85                -0.028610718             
-23668.342               -0.029595744             
-23366.834               -0.030614588             
-23065.326               -0.03166725              
-22763.818               -0.032753732             
-22462.312               -0.033874024             
-22160.805               -0.035028145             
-21859.297               -0.03621608              
-21557.79                -0.037437834             
-21256.281               -0.03869341              
-20954.773               -0.039839353             
-20653.266               -0.04109934              
-20351.758               -0.042505648             
-20050.25                -0.04405827              
-19748.744               -0.045757204             
-19447.234               -0.047602475             
-19145.729               -0.04959404              
-18844.223               -0.051731925             
-18542.715               -0.05401614              
-18241.207               -0.05644667              
-17939.7                 -0.05902352              
-17638.191               -0.06174669              
-17336.684               -0.06461617              
-17035.176               -0.06763198              
-16733.668               -0.070794106             
-16432.16                -0.07410254              
-16130.653               -0.077557296             
-15829.1455              -0.08115837              
-15527.638               -0.084905766             
-15226.131               -0.08879947              
-14924.623               -0.0928395               
-14623.115               -0.09702585              
-14321.608               -0.1013585               
-14020.1                 -0.106649175             
-13718.593               -0.11287851              
-13417.086               -0.11958181              
-13115.578               -0.12675679              
-12814.07                -0.13394366              
-12512.5625              -0.14145736              
-12211.055               -0.14932002              
-11909.549               -0.15755631              
-11608.041               -0.16619417              
-11306.531               -0.17526506              
-11005.025               -0.18480456              
-10703.518               -0.19485387              
-10402.01                -0.20585725              
-10100.502               -0.21836782              
-9798.994                -0.23241054              
-9497.488                -0.24807227              
-9195.98                 -0.2654487               
-8894.471                -0.2846451               
-8592.965                -0.30577767              
-8291.457                -0.3289762               
-7989.949                -0.35438523              
-7688.4434               -0.38237378              
-7386.9336               -0.41219127              
-7085.4277               -0.4426831               
-6783.92                 -0.4770648               
-6482.412                -0.51896644              
-6180.9043               -0.56599283              
-5879.3965               -0.6181439               
-5577.8906               -0.6778511               
-5276.383                -0.7460997               
-4974.873                -0.82265586              
-4673.367                -0.90751785              
-4371.8594               -1.0006874               
-4070.3516               -1.1126074               
-3768.8438               -1.2365996               
-3467.336                -1.3691764               
-3165.83                 -1.510337                
-2864.3223               -1.6803968               
-2562.8145               -1.856136                
-2261.3066               -2.025831                
-1959.7988               -2.1813977               
-1658.291                -2.2811282               
-1356.7852               -2.3082693               
-1055.2754               -2.156901                
-753.76953               -1.7957673               
-452.26172               -1.2159271               
-150.7539                -0.43604985              
150.7539                 0.40127882               
452.25977                1.211841                 
753.76953                1.8077587                
1055.2773                2.1495655                
1356.7832                2.3122764                
1658.291                 2.2914252                
1959.8008                2.1820564                
2261.3066                2.0268013                
2562.8145                1.8577639                
2864.3203                1.6705207                
3165.8281                1.5055815                
3467.3398                1.3665546                
3768.8438                1.235287                 
4070.3516                1.1117734                
4371.8594                0.9970137                
4673.367                 0.8970046                
4974.875                 0.81132215               
5276.379                 0.7399672                
5577.8906                0.6810757                
5879.3984                0.62613606               
6180.9023                0.5743286                
6482.414                 0.5256513                
6783.918                 0.48068038               
7085.426                 0.44220227               
7386.9375                0.4077752                
7688.4414                0.3758818                
7989.949                 0.34985432               
8291.457                 0.3268191                
8592.965                 0.30543667               
8894.473                 0.28559932               
9195.98                  0.2672106                
9497.488                 0.25018367               
9798.996                 0.23444006               
10100.5                  0.2199087                
10402.012                0.20652421               
10703.516                0.19457024               
11005.023                0.18411787               
11306.535                0.17426054               
11608.039                0.16495086               
11909.547                0.1561467                
12211.059                0.14781143               
12512.5625               0.13991287               
12814.07                 0.1324219                
13115.578                0.12531275               
13417.086                0.11854113               
13718.594                0.11222456               
14020.102                0.106369235              
14321.609                0.101382606              
14623.113                0.09710867               
14924.621                0.09297441               
15226.133                0.08897983               
15527.637                0.085125096              
15829.145                0.08141005               
16130.656                0.07783469               
16432.16                 0.07439916               
16733.668                0.07110332               
17035.176                0.06794722               
17336.684                0.06493085               
17638.191                0.062054217              
17939.7                  0.059317324              
18241.207                0.056720164              
18542.715                0.054262746              
18844.219                0.05194509               
19145.73                 0.04976711               
19447.234                0.047728926              
19748.742                0.04583045               
20050.254                0.04407169               
20351.758                0.042452708              
20653.266                0.041017503              
20954.773                0.039751984              
21256.281                0.03851098               
21557.79                 0.037295803              
21859.297                0.036100347              
22160.805                0.034936827              
22462.312                0.033805236              
22763.82                 0.03270558               
23065.328                0.03163786               
23366.832                0.030602084              
23668.34                 0.029598229              
23969.852                0.028626297              
24271.355                0.027686322              
24572.863                0.02677827               
24874.371                0.02590215               
25175.879                0.025057966              
25477.387                0.024245715              
25778.895                0.023465397              
26080.402                0.022717012              
26381.91                 0.022000562              
26683.418                0.021316048              
26984.926                0.020663464              
27286.43                 0.020042825              
27587.941                0.019454103              
27889.45                 0.018897323              
28190.953                0.018372482              
28492.46                 0.017879568              
28793.973                0.017418584              
29095.477                0.016989544              
29396.984                0.016592432              
29698.492                0.016227255              
30000.0                  0.01589401               
