% x                      y                        z                        
-30000.0                 -4.6564214E-8            
-29698.492               -4.807836E-8             
-29396.984               -4.95925E-8              
-29095.477               -5.1106646E-8            
-28793.97                -5.2620777E-8            
-28492.463               -5.4134922E-8            
-28190.955               -5.5649064E-8            
-27889.447               -5.716321E-8             
-27587.94                -5.867735E-8             
-27286.432               -6.0191496E-8            
-26984.924               -6.1705634E-8            
-26683.418               -6.321977E-8             
-26381.91                -6.473391E-8             
-26080.402               -6.6248056E-8            
-25778.895               -6.77622E-8              
-25477.387               -6.9276346E-8            
-25175.879               -7.0790485E-8            
-24874.371               -7.230463E-8             
-24572.863               -7.3818775E-8            
-24271.357               -7.5332906E-8            
-23969.85                -7.684705E-8             
-23668.342               -7.83612E-8              
-23366.834               -7.9875335E-8            
-23065.326               -8.138948E-8             
-22763.818               -8.2903625E-8            
-22462.312               -8.4417756E-8            
-22160.805               -8.59319E-8              
-21859.297               -8.744604E-8             
-21557.79                -8.8960185E-8            
-21256.281               -9.047433E-8             
-20954.773               -1.159431E-7             
-20653.266               -1.1227274E-7            
-20351.758               -1.0860237E-7            
-20050.25                -1.04932006E-7           
-19748.744               -1.0126166E-7            
-19447.234               -9.7591276E-8            
-19145.729               -9.392093E-8             
-18844.223               -9.025059E-8             
-18542.715               -8.658022E-8             
-18241.207               -8.290986E-8             
-17939.7                 -7.923949E-8             
-17638.191               -7.5569126E-8            
-17336.684               -7.189876E-8             
-17035.176               -6.8228395E-8            
-16733.668               -6.455803E-8             
-16432.16                -6.0887665E-8            
-16130.653               -5.721731E-8             
-15829.1455              -5.3546945E-8            
-15527.638               -4.987658E-8             
-15226.131               -4.6206225E-8            
-14924.623               -4.253586E-8             
-14623.115               -3.8865494E-8            
-14321.608               -3.519514E-8             
-14020.1                 1.2254023E-7             
-13718.593               1.738466E-7              
-13417.086               2.2515297E-7             
-13115.578               2.7627615E-7             
-12814.07                3.1994878E-7             
-12512.5625              3.6717157E-7             
-12211.055               4.1836947E-7             
-11909.549               4.7404018E-7             
-11608.041               5.347725E-7              
-11306.531               6.0126644E-7             
-11005.025               6.743611E-7              
-10703.518               7.550774E-7              
-10402.01                1.1853612E-6             
-10100.502               1.483134E-6              
-9798.994                1.7998377E-6             
-9497.488                2.13734E-6               
-9195.98                 2.49778E-6               
-8894.471                2.8836089E-6             
-8592.965                3.2976468E-6             
-8291.457                3.7431848E-6             
-7989.949                4.2240576E-6             
-7688.4434               4.9002906E-6             
-7386.9336               5.5667633E-6             
-7085.4277               6.2332274E-6             
-6783.92                 8.040925E-6              
-6482.412                9.64691E-6               
-6180.9043               1.1252894E-5             
-5879.3965               1.2858879E-5             
-5577.8906               1.5434127E-5             
-5276.383                1.8814439E-5             
-4974.873                2.2194772E-5             
-4673.367                2.5575062E-5             
-4371.8594               2.8955374E-5             
-4070.3516               4.341499E-5              
-3768.8438               5.0655854E-5             
-3467.336                5.789672E-5              
-3165.83                 6.513754E-5              
-2864.3223               8.228883E-5              
-2562.8145               1.0273533E-4             
-2261.3066               1.2243865E-4             
-1959.7988               1.560705E-4              
-1658.291                1.9671774E-4             
-1356.7852               2.4887535E-4             
-1055.2754               3.2151898E-4             
-753.76953               3.980797E-4              
-452.26172               4.858039E-4              
-150.7539                4.1167604E-4             
150.7539                 3.227966E-4              
452.25977                1.0793395E-4             
753.76953                -8.3488536E-5            
1055.2773                -2.2571023E-4            
1356.7832                -2.8772015E-4            
1658.291                 -3.0079784E-4            
1959.8008                -2.8346496E-4            
2261.3066                -2.3417639E-4            
2562.8145                -1.9941205E-4            
2864.3203                -1.4891544E-4            
3165.8281                -1.3253727E-4            
3467.3398                -1.1393769E-4            
3768.8438                -9.533859E-5             
4070.3516                -7.673925E-5             
4371.8594                -5.770654E-5             
4673.367                 -4.8492668E-5            
4974.875                 -3.9278795E-5            
5276.379                 -3.0065043E-5            
5577.8906                -2.5535768E-5            
5879.3984                -2.2434351E-5            
6180.9023                -1.9332974E-5            
6482.414                 -1.6231517E-5            
6783.918                 -1.3334085E-5            
7085.426                 -1.0971247E-5            
7386.9375                -9.514319E-6             
7688.4414                -8.817554E-6             
7989.949                 -6.4029146E-6            
8291.457                 -5.7373773E-6            
8592.965                 -5.1104366E-6            
8894.473                 -4.5181105E-6            
9195.98                  -3.9569777E-6            
9497.488                 -3.4240807E-6            
9798.996                 -2.9168457E-6            
10100.5                  -2.4330284E-6            
10402.012                -1.9706317E-6            
10703.516                -1.4229712E-6            
11005.023                -1.2673772E-6            
11306.535                -1.1127651E-6            
11608.039                -9.591232E-7             
11909.547                -8.064288E-7             
12211.059                -6.5466526E-7            
12512.5625               -5.038225E-7             
12814.07                 -3.5387896E-7            
13115.578                -2.0482136E-7            
13417.086                -5.6634857E-8            
13718.594                9.069504E-8              
14020.102                -4.3204676E-7            
14321.609                -3.6164994E-7            
14623.113                -2.91254E-7              
14924.621                -2.2085716E-7            
15226.133                -1.5045941E-7            
15527.637                -8.006348E-8             
15829.145                -9.666639E-9             
16130.656                8.45589E-8               
16432.16                 1.0172983E-7             
16733.668                1.1890099E-7             
17035.176                1.3607215E-7             
17336.684                1.532433E-7              
17638.191                1.7041447E-7             
17939.7                  1.8758563E-7             
18241.207                2.0475679E-7             
18542.715                2.2192793E-7             
18844.219                2.3909888E-7             
19145.73                 2.5627025E-7             
19447.234                2.734412E-7              
19748.742                2.9061235E-7             
20050.254                3.0778372E-7             
20351.758                3.2495467E-7             
20653.266                3.4212582E-7             
20954.773                3.59297E-7               
21256.281                1.271214E-7              
21557.79                 1.3043329E-7             
21859.297                1.2861432E-7             
22160.805                1.2679534E-7             
22462.312                1.2497637E-7             
22763.82                 1.2315739E-7             
23065.328                1.2133842E-7             
23366.832                1.1951947E-7             
23668.34                 1.17700495E-7            
23969.852                1.1588149E-7             
24271.355                1.14062544E-7            
24572.863                1.1224357E-7             
24874.371                1.10424594E-7            
25175.879                1.0860562E-7             
25477.387                1.0678664E-7             
25778.895                1.0496767E-7             
26080.402                1.0314869E-7             
26381.91                 1.0132972E-7             
26683.418                9.951074E-8              
26984.926                9.769177E-8              
27286.43                 9.5872814E-8             
27587.941                9.405382E-8              
27889.45                 9.223484E-8              
28190.953                9.041589E-8              
28492.46                 8.859691E-8              
28793.973                8.6777916E-8             
29095.477                8.495896E-8              
29396.984                8.3139994E-8             
29698.492                8.132102E-8              
30000.0                  7.9502044E-8             
