% x                      y                        z                        
-30000.0                 -0.0023956182            
-29698.492               -0.002485035             
-29396.984               -0.0025765707            
-29095.477               -0.0026702252            
-28793.97                -0.002765998             
-28492.463               -0.0028347094            
-28190.955               -0.0029070526            
-27889.447               -0.0029847468            
-27587.94                -0.0030677922            
-27286.432               -0.0031561884            
-26984.924               -0.0032499353            
-26683.418               -0.0033490327            
-26381.91                -0.0034534817            
-26080.402               -0.0035632814            
-25778.895               -0.0036784322            
-25477.387               -0.003798934             
-25175.879               -0.0039247866            
-24874.371               -0.00405599              
-24572.863               -0.0041925446            
-24271.357               -0.0043344493            
-23969.85                -0.0044817054            
-23668.342               -0.004634313             
-23366.834               -0.0047922707            
-23065.326               -0.00495558              
-22763.818               -0.00512424              
-22462.312               -0.00529825              
-22160.805               -0.0054776114            
-21859.297               -0.0056495466            
-21557.79                -0.00580408              
-21256.281               -0.0059603467            
-20954.773               -0.0062060202            
-20653.266               -0.0064749205            
-20351.758               -0.0067528267            
-20050.25                -0.007039874             
-19748.744               -0.007333839             
-19447.234               -0.0075862803            
-19145.729               -0.007837006             
-18844.223               -0.008113501             
-18542.715               -0.008415767             
-18241.207               -0.008743803             
-17939.7                 -0.009097609             
-17638.191               -0.009477184             
-17336.684               -0.009882529             
-17035.176               -0.010313643             
-16733.668               -0.010770527             
-16432.16                -0.011253181             
-16130.653               -0.011761602             
-15829.1455              -0.012295795             
-15527.638               -0.012855757             
-15226.131               -0.013441487             
-14924.623               -0.014052989             
-14623.115               -0.0146902595            
-14321.608               -0.015378174             
-14020.1                 -0.016121117             
-13718.593               -0.01687988              
-13417.086               -0.01765447              
-13115.578               -0.018564548             
-12814.07                -0.019558668             
-12512.5625              -0.020610088             
-12211.055               -0.021790901             
-11909.549               -0.023047734             
-11608.041               -0.024340874             
-11306.531               -0.025616717             
-11005.025               -0.026983596             
-10703.518               -0.02844848              
-10402.01                -0.02999307              
-10100.502               -0.031647798             
-9798.994                -0.033434827             
-9497.488                -0.035362694             
-9195.98                 -0.037440944             
-8894.471                -0.03983648              
-8592.965                -0.042388387             
-8291.457                -0.045153838             
-7989.949                -0.048136637             
-7688.4434               -0.05133991              
-7386.9336               -0.05474804              
-7085.4277               -0.058360666             
-6783.92                 -0.06217786              
-6482.412                -0.06619959              
-6180.9043               -0.07083809              
-5879.3965               -0.075835526             
-5577.8906               -0.08068378              
-5276.383                -0.08601787              
-4974.873                -0.09234487              
-4673.367                -0.09976809              
-4371.8594               -0.10824581              
-4070.3516               -0.117462955             
-3768.8438               -0.12628052              
-3467.336                -0.13507196              
-3165.83                 -0.1460022               
-2864.3223               -0.15849698              
-2562.8145               -0.17236806              
-2261.3066               -0.19040549              
-1959.7988               -0.21733592              
-1658.291                -0.2512034               
-1356.7852               -0.3047852               
-1055.2754               -0.3702966               
-753.76953               -0.42684782              
-452.26172               -0.32973993              
-150.7539                0.06272501               
150.7539                 0.60425186               
452.25977                0.91633797               
753.76953                0.97773266               
1055.2773                0.8794698                
1356.7832                0.7389377                
1658.291                 0.5977103                
1959.8008                0.50129473               
2261.3066                0.41808408               
2562.8145                0.36120743               
2864.3203                0.31394327               
3165.8281                0.27987158               
3467.3398                0.2541467                
3768.8438                0.22952205               
4070.3516                0.20934609               
4371.8594                0.19157806               
4673.367                 0.176444                 
4974.875                 0.16283402               
5276.379                 0.14984122               
5577.8906                0.13771904               
5879.3984                0.12697576               
6180.9023                0.11782313               
6482.414                 0.10930878               
6783.918                 0.101412125              
7085.426                 0.09388087               
7386.9375                0.088130035              
7688.4414                0.0829371                
7989.949                 0.07791665               
8291.457                 0.07306876               
8592.965                 0.06839344               
8894.473                 0.063743986              
9195.98                  0.05929367               
9497.488                 0.055341806              
9798.996                 0.051931195              
10100.5                  0.049027726              
10402.012                0.046600584              
10703.516                0.044458676              
11005.023                0.042182073              
11306.535                0.03998981               
11608.039                0.037880134              
11909.547                0.035851195              
12211.059                0.033936396              
12512.5625               0.032124653              
12814.07                 0.030402325              
13115.578                0.028769264              
13417.086                0.027225297              
13718.594                0.02577026               
14020.102                0.024403982              
14321.609                0.023126293              
14623.113                0.021941988              
14924.621                0.020970073              
15226.133                0.020125791              
15527.637                0.019409174              
15829.145                0.01877642               
16130.656                0.018027706              
16432.16                 0.017305722              
16733.668                0.01661044               
17035.176                0.01594187               
17336.684                0.01530001               
17638.191                0.014684863              
17939.7                  0.014096428              
18241.207                0.013534703              
18542.715                0.012996865              
18844.219                0.012477916              
19145.73                 0.011991379              
19447.234                0.011537278              
19748.742                0.011096565              
20050.254                0.010635945              
20351.758                0.010177475              
20653.266                0.009735072              
20954.773                0.00930855               
21256.281                0.008922163              
21557.79                 0.008688665              
21859.297                0.0084587345             
22160.805                0.008201584              
22462.312                0.007944274              
22763.82                 0.007694682              
23065.328                0.0074528093             
23366.832                0.0072186575             
23668.34                 0.006992222              
23969.852                0.006773502              
24271.355                0.0065625063             
24572.863                0.0063592265             
24874.371                0.0061636656             
25175.879                0.005975823              
25477.387                0.005795699              
25778.895                0.0056232936             
26080.402                0.0054586073             
26381.91                 0.0053016394             
26683.418                0.00515239               
26984.926                0.005010859              
27286.43                 0.004877049              
27587.941                0.004750954              
27889.45                 0.004632579              
28190.953                0.0045219245             
28492.46                 0.0044189873             
28793.973                0.004321431              
29095.477                0.0041839806             
29396.984                0.0040501133             
29698.492                0.003919831              
30000.0                  0.0037931337             
