% x                      y                        z                        
-30000.0                 -6.905534E-5             
-29698.492               -8.52471E-5              
-29396.984               -1.03956234E-4           
-29095.477               -1.2518275E-4            
-28793.97                -1.4892647E-4            
-28492.463               -1.7918127E-4            
-28190.955               -2.1014428E-4            
-27889.447               -2.4153668E-4            
-27587.94                -2.7335846E-4            
-27286.432               -3.056096E-4             
-26984.924               -3.3829012E-4            
-26683.418               -3.7139983E-4            
-26381.91                -4.049391E-4             
-26080.402               -4.389078E-4             
-25778.895               -4.7330584E-4            
-25477.387               -5.0813326E-4            
-25175.879               -5.433901E-4             
-24874.371               -5.790763E-4             
-24572.863               -6.151919E-4             
-24271.357               -6.5173657E-4            
-23969.85                -6.887109E-4             
-23668.342               -7.261146E-4             
-23366.834               -7.639477E-4             
-23065.326               -8.022102E-4             
-22763.818               -8.4090204E-4            
-22462.312               -8.80023E-4              
-22160.805               -9.195736E-4             
-21859.297               -9.5887366E-4            
-21557.79                -9.975014E-4             
-21256.281               -0.0010365141            
-20954.773               -0.0011173163            
-20653.266               -0.0012025926            
-20351.758               -0.0012850551            
-20050.25                -0.0013646613            
-19748.744               -0.0014382384            
-19447.234               -0.0015178035            
-19145.729               -0.0015990235            
-18844.223               -0.0016726353            
-18542.715               -0.0017386394            
-18241.207               -0.0017970353            
-17939.7                 -0.0018478232            
-17638.191               -0.0018910026            
-17336.684               -0.001926574             
-17035.176               -0.0019545371            
-16733.668               -0.001974892             
-16432.16                -0.0019876389            
-16130.653               -0.0019927775            
-15829.1455              -0.0019903078            
-15527.638               -0.00198023              
-15226.131               -0.001962544             
-14924.623               -0.0019372498            
-14623.115               -0.0019043474            
-14321.608               -0.0018451716            
-14020.1                 -0.0017393298            
-13718.593               -0.0016090249            
-13417.086               -0.0014542566            
-13115.578               -0.0012991931            
-12814.07                -0.0011086597            
-12512.5625              -8.74657E-4              
-12211.055               -5.8386946E-4            
-11909.549               -2.4801953E-4            
-11608.041               1.2485443E-4             
-11306.531               5.1650126E-4             
-11005.025               9.4316644E-4             
-10703.518               0.0014075275             
-10402.01                0.0018817609             
-10100.502               0.0024812643             
-9798.994                0.0032488802             
-9497.488                0.004195471              
-9195.98                 0.0053331414             
-8894.471                0.0067770816             
-8592.965                0.008389349              
-8291.457                0.010351445              
-7989.949                0.012667493              
-7688.4434               0.015317081              
-7386.9336               0.018287152              
-7085.4277               0.021577753              
-6783.92                 0.025188942              
-6482.412                0.029120697              
-6180.9043               0.034022976              
-5879.3965               0.039703477              
-5577.8906               0.04679381               
-5276.383                0.05560738               
-4974.873                0.06659037               
-4673.367                0.08013716               
-4371.8594               0.096193105              
-4070.3516               0.11583212               
-3768.8438               0.13997602               
-3467.336                0.17050093               
-3165.83                 0.21122555               
-2864.3223               0.26363525               
-2562.8145               0.33131844               
-2261.3066               0.4225472                
-1959.7988               0.5476553                
-1658.291                0.7167016                
-1356.7852               0.9752985                
-1055.2754               1.3960183                
-753.76953               2.1023703                
-452.26172               3.135234                 
-150.7539                4.0657187                
150.7539                 4.210821                 
452.25977                3.7442033                
753.76953                3.0228176                
1055.2773                2.2999914                
1356.7832                1.7509127                
1658.291                 1.3345456                
1959.8008                1.035412                 
2261.3066                0.80754757               
2562.8145                0.63808835               
2864.3203                0.5058189                
3165.8281                0.40028173               
3467.3398                0.3219363                
3768.8438                0.2581296                
4070.3516                0.20892234               
4371.8594                0.17016578               
4673.367                 0.1399622                
4974.875                 0.11523596               
5276.379                 0.09540727               
5577.8906                0.079456896              
5879.3984                0.06598241               
6180.9023                0.054549083              
6482.414                 0.04492457               
6783.918                 0.037198566              
7085.426                 0.031199077              
7386.9375                0.026285682              
7688.4414                0.021819416              
7989.949                 0.017779604              
8291.457                 0.014166304              
8592.965                 0.0109795155             
8894.473                 0.008256315              
9195.98                  0.00602388               
9497.488                 0.0042443993             
9798.996                 0.002805963              
10100.5                  0.0016870704             
10402.012                8.683429E-4              
10703.516                2.3000952E-4             
11005.023                -4.7905624E-4            
11306.535                -0.0011160709            
11608.039                -0.0016825751            
11909.547                -0.0021801004            
12211.059                -0.0026286496            
12512.5625               -0.0030209143            
12814.07                 -0.0033495303            
13115.578                -0.0036146475            
13417.086                -0.0038164211            
13718.594                -0.003955006             
14020.102                -0.0040305583            
14321.609                -0.0040432326            
14623.113                -0.004000573             
14924.621                -0.0040638326            
15226.133                -0.004091242             
15527.637                -0.0040828013            
15829.145                -0.0040395116            
16130.656                -0.0039823               
16432.16                 -0.003918981             
16733.668                -0.0038495532            
17035.176                -0.0037740164            
17336.684                -0.003692371             
17638.191                -0.0036046172            
17939.7                  -0.0035107548            
18241.207                -0.0034107836            
18542.715                -0.0033040056            
18844.219                -0.003186083             
19145.73                 -0.00305829              
19447.234                -0.0029206343            
19748.742                -0.0027704653            
20050.254                -0.0026092418            
20351.758                -0.0024394982            
20653.266                -0.0022671814            
20954.773                -0.0020923254            
21256.281                -0.0019296939            
21557.79                 -0.0018537673            
21859.297                -0.0017793477            
22160.805                -0.0017094788            
22462.312                -0.0016410149            
22763.82                 -0.0015731341            
23065.328                -0.0015058365            
23366.832                -0.0014391227            
23668.34                 -0.0013729914            
23969.852                -0.0013074422            
24271.355                -0.0012424778            
24572.863                -0.0011780957            
24874.371                -0.0011142967            
25175.879                -0.0010510809            
25477.387                -9.884482E-4             
25778.895                -9.263986E-4             
26080.402                -8.649321E-4             
26381.91                 -8.0404873E-4            
26683.418                -7.437485E-4             
26984.926                -6.8403134E-4            
27286.43                 -6.248981E-4             
27587.941                -5.6634645E-4            
27889.45                 -5.083787E-4             
28190.953                -4.509948E-4             
28492.46                 -3.9419325E-4            
28793.973                -3.3838558E-4            
29095.477                -2.927186E-4             
29396.984                -2.50593E-4              
29698.492                -2.120093E-4             
30000.0                  -1.7696751E-4            
