% x                      y                        z                        
-30000.0                 9.93224E-6               
-29698.492               -4.5142715E-6            
-29396.984               -1.9061412E-5            
-29095.477               -3.370918E-5             
-28793.97                -4.845748E-5             
-28492.463               -6.330651E-5             
-28190.955               -7.825616E-5             
-27889.447               -9.330645E-5             
-27587.94                -1.0845736E-4            
-27286.432               -1.237089E-4             
-26984.924               -1.3906107E-4            
-26683.418               -1.5451378E-4            
-26381.91                -1.700672E-4             
-26080.402               -1.8572126E-4            
-25778.895               -2.0147595E-4            
-25477.387               -2.1733127E-4            
-25175.879               -2.3328721E-4            
-24874.371               -2.4934378E-4            
-24572.863               -2.6550097E-4            
-24271.357               -2.8175872E-4            
-23969.85                -2.9811717E-4            
-23668.342               -3.1457626E-4            
-23366.834               -3.31136E-4              
-23065.326               -3.4779633E-4            
-22763.818               -3.645573E-4             
-22462.312               -3.814188E-4             
-22160.805               -3.9838103E-4            
-21859.297               -4.1544388E-4            
-21557.79                -4.326074E-4             
-21256.281               -4.498715E-4             
-20954.773               -5.054041E-4             
-20653.266               -5.631376E-4             
-20351.758               -6.163564E-4             
-20050.25                -6.650605E-4             
-19748.744               -7.092496E-4             
-19447.234               -7.4892445E-4            
-19145.729               -7.8408414E-4            
-18844.223               -8.1472914E-4            
-18542.715               -8.4085966E-4            
-18241.207               -8.624754E-4             
-17939.7                 -8.795765E-4             
-17638.191               -8.9216285E-4            
-17336.684               -9.0023444E-4            
-17035.176               -9.0379134E-4            
-16733.668               -9.028335E-4             
-16432.16                -8.973609E-4             
-16130.653               -8.873737E-4             
-15829.1455              -8.7287166E-4            
-15527.638               -8.53855E-4              
-15226.131               -8.303236E-4             
-14924.623               -8.022774E-4             
-14623.115               -7.697166E-4             
-14321.608               -7.326411E-4             
-14020.1                 -6.7137927E-4            
-13718.593               -5.828007E-4             
-13417.086               -4.7728303E-4            
-13115.578               -3.5483073E-4            
-12814.07                -2.1657642E-4            
-12512.5625              -6.131777E-5             
-12211.055               1.12096626E-4            
-11909.549               3.0495296E-4             
-11608.041               5.1870104E-4             
-11306.531               7.5497763E-4             
-11005.025               0.0010156396             
-10703.518               0.0013028252             
-10402.01                0.0016558702             
-10100.502               0.002095402              
-9798.994                0.0026151307             
-9497.488                0.0032196036             
-9195.98                 0.003913827              
-8894.471                0.0047033117             
-8592.965                0.0055941413             
-8291.457                0.0065931086             
-7989.949                0.007707778              
-7688.4434               0.009007103              
-7386.9336               0.010613114              
-7085.4277               0.012390996              
-6783.92                 0.014466716              
-6482.412                0.017000476              
-6180.9043               0.019904874              
-5879.3965               0.023179913              
-5577.8906               0.026889907              
-5276.383                0.031386193              
-4974.873                0.03669346               
-4673.367                0.042811602              
-4371.8594               0.049740724              
-4070.3516               0.058950353              
-3768.8438               0.070083596              
-3467.336                0.082769446              
-3165.83                 0.0970078                
-2864.3223               0.1139727                
-2562.8145               0.1328632                
-2261.3066               0.15319915               
-1959.7988               0.17463239               
-1658.291                0.19336946               
-1356.7852               0.20748402               
-1055.2754               0.21054325               
-753.76953               0.20261076               
-452.26172               0.1856393                
-150.7539                0.17012843               
150.7539                 0.16994524               
452.25977                0.18502982               
753.76953                0.20150235               
1055.2773                0.21008372               
1356.7832                0.20701323               
1658.291                 0.19288298               
1959.8008                0.17398176               
2261.3066                0.15251043               
2562.8145                0.13222708               
2864.3203                0.11248941               
3165.8281                0.09624937               
3467.3398                0.082100466              
3768.8438                0.069660135              
4070.3516                0.058927853              
4371.8594                0.049994316              
4673.367                 0.042711783              
4974.875                 0.036494616              
5276.379                 0.03134288               
5577.8906                0.02702021               
5879.3984                0.023138369              
6180.9023                0.01970061               
6482.414                 0.016706808              
6783.918                 0.014195282              
7085.426                 0.012245164              
7386.9375                0.010609331              
7688.4414                0.009078259              
7989.949                 0.007773352              
8291.457                 0.0066340556             
8592.965                 0.0056155063             
8894.473                 0.0047098324             
9195.98                  0.003909983              
9497.488                 0.003209612              
9798.996                 0.0026029837             
10100.5                  0.002084899              
10402.012                0.0016505993             
10703.516                0.0013015954             
11005.023                0.0010104165             
11306.535                7.4661575E-4             
11608.039                5.0800253E-4             
11909.547                2.9264652E-4             
12211.059                9.886041E-5              
12512.5625               -7.484208E-5             
12814.07                 -2.2979674E-4            
13115.578                -3.671895E-4             
13417.086                -4.914617E-4             
13718.594                -5.9969723E-4            
14020.102                -6.9159665E-4            
14321.609                -7.523022E-4             
14623.113                -7.876387E-4             
14924.621                -8.1854936E-4            
15226.133                -8.4503397E-4            
15527.637                -8.670916E-4             
15829.145                -8.847232E-4             
16130.656                -8.9792855E-4            
16432.16                 -9.0670725E-4            
16733.668                -9.110598E-4             
17035.176                -9.109859E-4             
17336.684                -9.064857E-4             
17638.191                -8.975591E-4             
17939.7                  -8.842062E-4             
18241.207                -8.664269E-4             
18542.715                -8.442212E-4             
18844.219                -8.175896E-4             
19145.73                 -7.8653084E-4            
19447.234                -7.510466E-4             
19748.742                -7.1113557E-4            
20050.254                -6.6679757E-4            
20351.758                -6.180344E-4             
20653.266                -5.6094705E-4            
20954.773                -4.9712014E-4            
21256.281                -4.454159E-4             
21557.79                 -4.2836467E-4            
21859.297                -4.1240492E-4            
22160.805                -3.9648684E-4            
22462.312                -3.806104E-4             
22763.82                 -3.6477562E-4            
23065.328                -3.4898252E-4            
23366.832                -3.3323126E-4            
23668.34                 -3.1752148E-4            
23969.852                -3.0185314E-4            
24271.355                -2.862269E-4             
24572.863                -2.7064208E-4            
24874.371                -2.5509892E-4            
25175.879                -2.3959743E-4            
25477.387                -2.241376E-4             
25778.895                -2.0871943E-4            
26080.402                -1.9334292E-4            
26381.91                 -1.7800808E-4            
26683.418                -1.6271489E-4            
26984.926                -1.4746336E-4            
27286.43                 -1.3225368E-4            
27587.941                -1.1708528E-4            
27889.45                 -1.0195873E-4            
28190.953                -8.687404E-5             
28492.46                 -7.183081E-5             
28793.973                -5.6829045E-5            
29095.477                -4.1869334E-5            
29396.984                -2.6951086E-5            
29698.492                -1.2074498E-5            
30000.0                  2.7604294E-6             
