% x                      y                        z                        
-30000.0                 -0.0024242424            
-29698.492               -0.002475558             
-29396.984               -0.0025321476            
-29095.477               -0.0025940107            
-28793.97                -0.0026611472            
-28492.463               -0.0027335577            
-28190.955               -0.002811242             
-27889.447               -0.0028942               
-27587.94                -0.0029824316            
-27286.432               -0.003075937             
-26984.924               -0.0031747161            
-26683.418               -0.0032787682            
-26381.91                -0.0033880947            
-26080.402               -0.003502695             
-25778.895               -0.003622569             
-25477.387               -0.0037477165            
-25175.879               -0.0038781378            
-24874.371               -0.004013833             
-24572.863               -0.004154802             
-24271.357               -0.004301043             
-23969.85                -0.0044525596            
-23668.342               -0.004609349             
-23366.834               -0.004771413             
-23065.326               -0.00493875              
-22763.818               -0.0051113614            
-22462.312               -0.005289245             
-22160.805               -0.0054724035            
-21859.297               -0.0056608357            
-21557.79                -0.0058545414            
-21256.281               -0.006049664             
-20954.773               -0.0062754736            
-20653.266               -0.006453581             
-20351.758               -0.0066574584            
-20050.25                -0.0068871053            
-19748.744               -0.00714252              
-19447.234               -0.0074237077            
-19145.729               -0.007730661             
-18844.223               -0.008063383             
-18542.715               -0.008421878             
-18241.207               -0.008806142             
-17939.7                 -0.009216175             
-17638.191               -0.009651979             
-17336.684               -0.010113552             
-17035.176               -0.010600895             
-16733.668               -0.011114007             
-16432.16                -0.011652888             
-16130.653               -0.0122175375            
-15829.1455              -0.012807959             
-15527.638               -0.013424149             
-15226.131               -0.014066107             
-14924.623               -0.014733836             
-14623.115               -0.015427335             
-14321.608               -0.016146602             
-14020.1                 -0.016949177             
-13718.593               -0.017838297             
-13417.086               -0.01873724              
-13115.578               -0.019663947             
-12814.07                -0.020801103             
-12512.5625              -0.02191237              
-12211.055               -0.023104245             
-11909.549               -0.024382375             
-11608.041               -0.025753118             
-11306.531               -0.027223635             
-11005.025               -0.028802035             
-10703.518               -0.030497652             
-10402.01                -0.032460887             
-10100.502               -0.034614883             
-9798.994                -0.036897577             
-9497.488                -0.039316352             
-9195.98                 -0.041879363             
-8894.471                -0.0445956               
-8592.965                -0.047474947             
-8291.457                -0.050528537             
-7989.949                -0.053768743             
-7688.4434               -0.057637386             
-7386.9336               -0.062134318             
-7085.4277               -0.06737224              
-6783.92                 -0.07292614              
-6482.412                -0.07876836              
-6180.9043               -0.084896564             
-5879.3965               -0.09131076              
-5577.8906               -0.098945834             
-5276.383                -0.107881896             
-4974.873                -0.11799584              
-4673.367                -0.12928745              
-4371.8594               -0.1414918               
-4070.3516               -0.15418218              
-3768.8438               -0.17017187              
-3467.336                -0.18840846              
-3165.83                 -0.2085833               
-2864.3223               -0.23259239              
-2562.8145               -0.2588779               
-2261.3066               -0.2876389               
-1959.7988               -0.3170995               
-1658.291                -0.34355137              
-1356.7852               -0.36179587              
-1055.2754               -0.3582435               
-753.76953               -0.30611625              
-452.26172               -0.20342784              
-150.7539                -0.036159124             
150.7539                 0.16892849               
452.25977                0.364163                 
753.76953                0.52482843               
1055.2773                0.6185456                
1356.7832                0.6607334                
1658.291                 0.6626633                
1959.8008                0.6313451                
2261.3066                0.5896625                
2562.8145                0.5338021                
2864.3203                0.4773507                
3165.8281                0.4295134                
3467.3398                0.38287053               
3768.8438                0.34093118               
4070.3516                0.30369365               
4371.8594                0.27281794               
4673.367                 0.2447842                
4974.875                 0.2200807                
5276.379                 0.19870767               
5577.8906                0.18029505               
5879.3984                0.16396803               
6180.9023                0.1494071                
6482.414                 0.13661174               
6783.918                 0.12511529               
7085.426                 0.11412345               
7386.9375                0.10574083               
7688.4414                0.09859052               
7989.949                 0.09161747               
8291.457                 0.08455878               
8592.965                 0.078139596              
8894.473                 0.072317615              
9195.98                  0.067054994              
9497.488                 0.06231773               
9798.996                 0.058075126              
10100.5                  0.054299414              
10402.012                0.05096515               
10703.516                0.04812495               
11005.023                0.04564309               
11306.535                0.04325311               
11608.039                0.040952962              
11909.547                0.0387405                
12211.059                0.03661375               
12512.5625               0.034570884              
12814.07                 0.032609988              
13115.578                0.030729316              
13417.086                0.028927162              
13718.594                0.027194126              
14020.102                0.02556555               
14321.609                0.02415116               
14623.113                0.02286443               
14924.621                0.021705326              
15226.133                0.020673854              
15527.637                0.01977005               
15829.145                0.018993879              
16130.656                0.018322082              
16432.16                 0.017565351              
16733.668                0.01683532               
17035.176                0.016132003              
17336.684                0.015455397              
17638.191                0.014805501              
17939.7                  0.014182319              
18241.207                0.013585847              
18542.715                0.013016087              
18844.219                0.012473045              
19145.73                 0.011956702              
19447.234                0.011467082              
19748.742                0.011004169              
20050.254                0.01056796               
20351.758                0.0101584755             
20653.266                0.009775696              
20954.773                0.009419628              
21256.281                0.009013865              
21557.79                 0.008727503              
21859.297                0.008448746              
22160.805                0.008177592              
22462.312                0.007914043              
22763.82                 0.0076580984             
23065.328                0.007409758              
23366.832                0.0071690246             
23668.34                 0.0069358926             
23969.852                0.006710362              
24271.355                0.006492441              
24572.863                0.006282122              
24874.371                0.006079407              
25175.879                0.0058842963             
25477.387                0.0056967894             
25778.895                0.005516887              
26080.402                0.0053445892             
26381.91                 0.0051798956             
26683.418                0.005022806              
26984.926                0.004873321              
27286.43                 0.0047314414             
27587.941                0.0045971633             
27889.45                 0.004470491              
28190.953                0.004351424              
28492.46                 0.00423996               
28793.973                0.004136099              
29095.477                0.0040398445             
29396.984                0.0039511933             
29698.492                0.0038701466             
30000.0                  0.0037967039             
