% x                      y                        z                        
-30000.0                 -0.0019660038            
-29698.492               -0.0020019703            
-29396.984               -0.0020419043            
-29095.477               -0.0020858059            
-28793.97                -0.0021336747            
-28492.463               -0.0021855114            
-28190.955               -0.0022413158            
-27889.447               -0.0023010876            
-27587.94                -0.0023648273            
-27286.432               -0.0024325342            
-26984.924               -0.002504209             
-26683.418               -0.0025798508            
-26381.91                -0.0026594608            
-26080.402               -0.002743038             
-25778.895               -0.0028305831            
-25477.387               -0.0029220958            
-25175.879               -0.0030175762            
-24874.371               -0.003117024             
-24572.863               -0.0032204392            
-24271.357               -0.0033278216            
-23969.85                -0.0034391722            
-23668.342               -0.0035544904            
-23366.834               -0.003673776             
-23065.326               -0.0037970294            
-22763.818               -0.00392425              
-22462.312               -0.004055438             
-22160.805               -0.004190594             
-21859.297               -0.0043297177            
-21557.79                -0.004472809             
-21256.281               -0.004619868             
-20954.773               -0.0047490527            
-20653.266               -0.004895213             
-20351.758               -0.005061963             
-20050.25                -0.0052493038            
-19748.744               -0.0054572327            
-19447.234               -0.0056857546            
-19145.729               -0.0059348634            
-18844.223               -0.006204562             
-18542.715               -0.0064948522            
-18241.207               -0.006805733             
-17939.7                 -0.007137203             
-17638.191               -0.0074892635            
-17336.684               -0.007861914             
-17035.176               -0.008255155             
-16733.668               -0.008668985             
-16432.16                -0.009103406             
-16130.653               -0.009558416             
-15829.1455              -0.010034016             
-15527.638               -0.010530207             
-15226.131               -0.011046986             
-14924.623               -0.011584357             
-14623.115               -0.012142318             
-14321.608               -0.012720867             
-14020.1                 -0.013403434             
-13718.593               -0.014202041             
-13417.086               -0.015070998             
-13115.578               -0.016009726             
-12814.07                -0.016978467             
-12512.5625              -0.018000554             
-12211.055               -0.019079598             
-11909.549               -0.020219628             
-11608.041               -0.0214252               
-11306.531               -0.02270145              
-11005.025               -0.02405419              
-10703.518               -0.025490139             
-10402.01                -0.02715105              
-10100.502               -0.029083895             
-9798.994                -0.03125823              
-9497.488                -0.033687744             
-9195.98                 -0.03638752              
-8894.471                -0.039374154             
-8592.965                -0.04266595              
-8291.457                -0.04628338              
-7989.949                -0.05024921              
-7688.4434               -0.05461294              
-7386.9336               -0.059306417             
-7085.4277               -0.06420406              
-6783.92                 -0.06976868              
-6482.412                -0.07665073              
-6180.9043               -0.08455111              
-5879.3965               -0.09346983              
-5577.8906               -0.10442422              
-5276.383                -0.117185704             
-4974.873                -0.13159549              
-4673.367                -0.14765327              
-4371.8594               -0.16535935              
-4070.3516               -0.18915233              
-3768.8438               -0.21743126              
-3467.336                -0.2491391               
-3165.83                 -0.28427565              
-2864.3223               -0.3286481               
-2562.8145               -0.37978858              
-2261.3066               -0.43465856              
-1959.7988               -0.48905104              
-1658.291                -0.5338919               
-1356.7852               -0.56392                 
-1055.2754               -0.5441744               
-753.76953               -0.46598896              
-452.26172               -0.3212071               
-150.7539                -0.10782405              
150.7539                 0.127556                 
452.25977                0.3437744                
753.76953                0.4967023                
1055.2773                0.5724208                
1356.7832                0.5948227                
1658.291                 0.56516445               
1959.8008                0.51515365               
2261.3066                0.4599444                
2562.8145                0.40537712               
2864.3203                0.35065222               
3165.8281                0.3076265                
3467.3398                0.27294615               
3768.8438                0.24096954               
4070.3516                0.21169539               
4371.8594                0.18566838               
4673.367                 0.16440955               
4974.875                 0.1463517                
5276.379                 0.13149501               
5577.8906                0.120033674              
5879.3984                0.10969372               
6180.9023                0.100070044              
6482.414                 0.091162294              
6783.918                 0.08300567               
7085.426                 0.07597881               
7386.9375                0.07008867               
7688.4414                0.06480196               
7989.949                 0.06011755               
8291.457                 0.055847034              
8592.965                 0.051913496              
8894.473                 0.048294976              
9195.98                  0.0449718                
9497.488                 0.041926265              
9798.996                 0.03914236               
10100.5                  0.0366056                
10402.012                0.034302663              
10703.516                0.032282252              
11005.023                0.030529998              
11306.535                0.028877277              
11608.039                0.027321823              
11909.547                0.02586133               
12211.059                0.024493648              
12512.5625               0.02321675               
12814.07                 0.02202859               
13115.578                0.020927254              
13417.086                0.019910885              
13718.594                0.01897769               
14020.102                0.018111017              
14321.609                0.017273074              
14623.113                0.016463364              
14924.621                0.015681865              
15226.133                0.014928579              
15527.637                0.014203536              
15829.145                0.013506706              
16130.656                0.012839741              
16432.16                 0.012331684              
16733.668                0.011841579              
17035.176                0.011369434              
17336.684                0.010915249              
17638.191                0.010479023              
17939.7                  0.0100607565             
18241.207                0.00966045               
18542.715                0.009278103              
18844.219                0.00891372               
19145.73                 0.008567288              
19447.234                0.008238823              
19748.742                0.007928314              
20050.254                0.0076357606             
20351.758                0.007361174              
20653.266                0.0071045435             
20954.773                0.0068658725             
21256.281                0.0066380613             
21557.79                 0.006439766              
21859.297                0.0062463777             
22160.805                0.006058045              
22462.312                0.0058747684             
22763.82                 0.005696547              
23065.328                0.0055233818             
23366.832                0.0053552743             
23668.34                 0.00519222               
23969.852                0.00503422               
24271.355                0.0048812795             
24572.863                0.0047333925             
24874.371                0.0045905616             
25175.879                0.0044527864             
25477.387                0.0043200664             
25778.895                0.0041924026             
26080.402                0.0040697944             
26381.91                 0.003952242              
26683.418                0.0038397454             
26984.926                0.0037323043             
27286.43                 0.0036299205             
27587.941                0.0035325896             
27889.45                 0.0034403158             
28190.953                0.0033530989             
28492.46                 0.0032709364             
28793.973                0.0031938287             
29095.477                0.0031217788             
29396.984                0.0030547837             
29698.492                0.0029928442             
30000.0                  0.0029359604             
