% x                      y                        z                        
-30000.0                 -8.605329E-5             
-29698.492               -1.1689972E-4            
-29396.984               -1.4825459E-4            
-29095.477               -1.801179E-4             
-28793.97                -2.1248942E-4            
-28492.463               -2.453696E-4             
-28190.955               -2.787582E-4             
-27889.447               -3.1265526E-4            
-27587.94                -3.4706076E-4            
-27286.432               -3.8197468E-4            
-26984.924               -4.1739704E-4            
-26683.418               -4.5332758E-4            
-26381.91                -4.897668E-4             
-26080.402               -5.267145E-4             
-25778.895               -5.641706E-4             
-25477.387               -6.0213514E-4            
-25175.879               -6.406081E-4             
-24874.371               -6.795895E-4             
-24572.863               -7.1907934E-4            
-24271.357               -7.590774E-4             
-23969.85                -7.995841E-4             
-23668.342               -8.4059924E-4            
-23366.834               -8.8212284E-4            
-23065.326               -9.241549E-4             
-22763.818               -9.6669537E-4            
-22462.312               -0.001009744             
-22160.805               -0.0010533013            
-21859.297               -0.001097367             
-21557.79                -0.0011419413            
-21256.281               -0.0011870239            
-20954.773               -0.0013060386            
-20653.266               -0.0014259976            
-20351.758               -0.0015361296            
-20050.25                -0.0016364345            
-19748.744               -0.0017269119            
-19447.234               -0.0018075632            
-19145.729               -0.0018783867            
-18844.223               -0.0019393832            
-18542.715               -0.0019905532            
-18241.207               -0.002031896             
-17939.7                 -0.0020634118            
-17638.191               -0.0020851006            
-17336.684               -0.0020969624            
-17035.176               -0.0020989971            
-16733.668               -0.002091205             
-16432.16                -0.0020735858            
-16130.653               -0.0020461394            
-15829.1455              -0.002008866             
-15527.638               -0.0019617658            
-15226.131               -0.0019048386            
-14924.623               -0.0018380842            
-14623.115               -0.0017615028            
-14321.608               -0.0016750946            
-14020.1                 -0.0015380711            
-13718.593               -0.0013432021            
-13417.086               -0.00111249              
-13115.578               -8.46473E-4              
-12814.07                -5.7541806E-4            
-12512.5625              -2.7233682E-4            
-12211.055               6.493917E-5              
-11909.549               4.388322E-4              
-11608.041               8.520728E-4              
-11306.531               0.0013077435             
-11005.025               0.001809341              
-10703.518               0.0023608925             
-10402.01                0.0030418506             
-10100.502               0.003921359              
-9798.994                0.0049933                
-9497.488                0.006268585              
-9195.98                 0.007759225              
-8894.471                0.009478445              
-8592.965                0.011440842              
-8291.457                0.013662716              
-7989.949                0.016162217              
-7688.4434               0.019094447              
-7386.9336               0.022769514              
-7085.4277               0.02690764               
-6783.92                 0.031666774              
-6482.412                0.037386958              
-6180.9043               0.044008266              
-5879.3965               0.0515307                
-5577.8906               0.06071101               
-5276.383                0.07280745               
-4974.873                0.08783754               
-4673.367                0.10580094               
-4371.8594               0.12669797               
-4070.3516               0.15368277               
-3768.8438               0.19264941               
-3467.336                0.24341427               
-3165.83                 0.3059769                
-2864.3223               0.38565338               
-2562.8145               0.49801522               
-2261.3066               0.64355826               
-1959.7988               0.8355681                
-1658.291                1.0868975                
-1356.7852               1.3990115                
-1055.2754               1.7527711                
-753.76953               2.118483                 
-452.26172               2.434177                 
-150.7539                2.6137557                
150.7539                 2.623644                 
452.25977                2.4432995                
753.76953                2.135545                 
1055.2773                1.7713882                
1356.7832                1.4192116                
1658.291                 1.1028364                
1959.8008                0.84898454               
2261.3066                0.6581662                
2562.8145                0.5092949                
2864.3203                0.3952793                
3165.8281                0.31559646               
3467.3398                0.2494941                
3768.8438                0.19697313               
4070.3516                0.15803124               
4371.8594                0.13139789               
4673.367                 0.108576804              
4974.875                 0.089956105              
5276.379                 0.075535946              
5577.8906                0.064022                 
5879.3984                0.053794324              
6180.9023                0.044949505              
6482.414                 0.037487227              
6783.918                 0.031395268              
7085.426                 0.02647548               
7386.9375                0.022609428              
7688.4414                0.01920729               
7989.949                 0.016295476              
8291.457                 0.013742927              
8592.965                 0.011470481              
8894.473                 0.009459877              
9195.98                  0.007694759              
9497.488                 0.006160406              
9798.996                 0.004843511              
10100.5                  0.0037320133             
10402.012                0.0028148768             
10703.516                0.0020967692             
11005.023                0.0015088082             
11306.535                9.779594E-4              
11608.039                5.0290464E-4             
11909.547                8.2338665E-5             
12211.059                -2.8497368E-4            
12512.5625               -6.002102E-4             
12814.07                 -8.6453144E-4            
13115.578                -0.0010790386            
13417.086                -0.0012447981            
13718.594                -0.0013628384            
14020.102                -0.0015135083            
14321.609                -0.0016864946            
14623.113                -0.001832329             
14924.621                -0.0019510152            
15226.133                -0.0020425522            
15527.637                -0.002106937             
15829.145                -0.002144173             
16130.656                -0.0021539973            
16432.16                 -0.0021266034            
16733.668                -0.0020945913            
17035.176                -0.0020579607            
17336.684                -0.0020167124            
17638.191                -0.0019708457            
17939.7                  -0.0019203613            
18241.207                -0.0018652586            
18542.715                -0.0018055378            
18844.219                -0.0017412               
19145.73                 -0.0016722422            
19447.234                -0.0015986683            
19748.742                -0.0015204753            
20050.254                -0.0014376632            
20351.758                -0.0013502352            
20653.266                -0.001258188             
20954.773                -0.0011615228            
21256.281                -0.0010790308            
21557.79                 -0.0010342343            
21859.297                -9.91558E-4              
22160.805                -9.4929774E-4            
22462.312                -9.074536E-4             
22763.82                 -8.660256E-4             
23065.328                -8.2501373E-4            
23366.832                -7.844185E-4             
23668.34                 -7.4423885E-4            
23969.852                -7.044748E-4             
24271.355                -6.6512794E-4            
24572.863                -6.261966E-4             
24874.371                -5.876815E-4             
25175.879                -5.495824E-4             
25477.387                -5.118995E-4             
25778.895                -4.7463266E-4            
26080.402                -4.3778197E-4            
26381.91                 -4.0134738E-4            
26683.418                -3.6532895E-4            
26984.926                -3.297266E-4             
27286.43                 -2.9454083E-4            
27587.941                -2.5977028E-4            
27889.45                 -2.254163E-4             
28190.953                -1.9147887E-4            
28492.46                 -1.5795713E-4            
28793.973                -1.2485107E-4            
29095.477                -9.216198E-5             
29396.984                -5.9888585E-5            
29698.492                -2.8031312E-5            
30000.0                  3.4098416E-6             
