% x                      y                        z                        
-30000.0                 -5.086452E-8             
-29698.492               -5.1555322E-8            
-29396.984               -5.224612E-8             
-29095.477               -5.293692E-8             
-28793.97                -5.3627716E-8            
-28492.463               -5.4318512E-8            
-28190.955               -5.5009313E-8            
-27889.447               -5.5700113E-8            
-27587.94                -5.6390913E-8            
-27286.432               -5.708171E-8             
-26984.924               -5.777251E-8             
-26683.418               -5.8463307E-8            
-26381.91                -5.9154107E-8            
-26080.402               -5.984491E-8             
-25778.895               -6.0535704E-8            
-25477.387               -6.12265E-8              
-25175.879               -6.1917305E-8            
-24874.371               -6.26081E-8              
-24572.863               -6.3298906E-8            
-24271.357               -6.3989695E-8            
-23969.85                -6.46805E-8              
-23668.342               -6.5371296E-8            
-23366.834               -6.606209E-8             
-23065.326               -6.67529E-8              
-22763.818               -6.744369E-8             
-22462.312               -6.813449E-8             
-22160.805               -6.882529E-8             
-21859.297               -6.951609E-8             
-21557.79                -7.020689E-8             
-21256.281               -7.089769E-8             
-20954.773               -3.5680398E-7            
-20653.266               -3.3818176E-7            
-20351.758               -3.1955958E-7            
-20050.25                -3.0093736E-7            
-19748.744               -2.8231528E-7            
-19447.234               -2.6369295E-7            
-19145.729               -2.4507085E-7            
-18844.223               -2.2644878E-7            
-18542.715               -2.0782657E-7            
-18241.207               -1.8920436E-7            
-17939.7                 -1.7058215E-7            
-17638.191               -1.5195995E-7            
-17336.684               -1.3333774E-7            
-17035.176               -1.1471553E-7            
-16733.668               -9.609332E-8             
-16432.16                -7.7471114E-8            
-16130.653               -5.8848972E-8            
-15829.1455              -4.0226762E-8            
-15527.638               -2.1604556E-8            
-15226.131               -2.9824092E-9            
-14924.623               1.5639797E-8             
-14623.115               3.4262005E-8             
-14321.608               5.288415E-8              
-14020.1                 1.1290079E-7             
-13718.593               1.6987286E-7             
-13417.086               2.2684495E-7             
-13115.578               2.8596713E-7             
-12814.07                3.3889708E-7             
-12512.5625              3.946708E-7              
-12211.055               4.536013E-7              
-11909.549               5.160531E-7              
-11608.041               5.8245547E-7             
-11306.531               6.53316E-7               
-11005.025               7.2923945E-7             
-10703.518               8.109584E-7              
-10402.01                1.2289418E-6             
-10100.502               1.5042089E-6             
-9798.994                1.7924515E-6             
-9497.488                2.0948726E-6             
-9195.98                 2.412848E-6              
-8894.471                2.747947E-6              
-8592.965                3.1019679E-6             
-8291.457                3.4770062E-6             
-7989.949                3.875493E-6              
-7688.4434               5.648016E-6              
-7386.9336               6.094016E-6              
-7085.4277               6.5400104E-6             
-6783.92                 7.5293183E-6             
-6482.412                8.830774E-6              
-6180.9043               1.0132229E-5             
-5879.3965               1.1433685E-5             
-5577.8906               1.3491652E-5             
-5276.383                1.6449017E-5             
-4974.873                1.9406403E-5             
-4673.367                2.236375E-5              
-4371.8594               2.5321116E-5             
-4070.3516               3.076526E-5              
-3768.8438               3.8028822E-5             
-3467.336                4.5292385E-5             
-3165.83                 5.25559E-5               
-2864.3223               6.4891035E-5             
-2562.8145               7.497585E-5              
-2261.3066               8.728662E-5              
-1959.7988               1.0316103E-4             
-1658.291                1.2145555E-4             
-1356.7852               1.421657E-4              
-1055.2754               1.9672065E-4             
-753.76953               2.4730444E-4             
-452.26172               2.9802727E-4             
-150.7539                2.48601E-4               
150.7539                 1.6635319E-4             
452.25977                -3.6128833E-5            
753.76953                -1.8002311E-4            
1055.2773                -2.817871E-4             
1356.7832                -3.560564E-4             
1658.291                 -3.3321668E-4            
1959.8008                -3.0640914E-4            
2261.3066                -2.5740152E-4            
2562.8145                -2.1248961E-4            
2864.3203                -1.6476912E-4            
3165.8281                -1.4063086E-4            
3467.3398                -1.1798773E-4            
3768.8438                -9.534518E-5             
4070.3516                -7.270234E-5             
4371.8594                -5.6588236E-5            
4673.367                 -4.7975296E-5            
4974.875                 -3.9362356E-5            
5276.379                 -3.074953E-5             
5577.8906                -2.6480695E-5            
5879.3984                -2.3614659E-5            
6180.9023                -2.0748661E-5            
6482.414                 -1.7882589E-5            
6783.918                 -1.4275793E-5            
7085.426                 -1.0918884E-5            
7386.9375                -8.823617E-6             
7688.4414                -7.793243E-6             
7989.949                 -6.7501082E-6            
8291.457                 -5.9666368E-6            
8592.965                 -5.241081E-6             
8894.473                 -4.567163E-6             
9195.98                  -3.9395086E-6            
9497.488                 -3.353487E-6             
9798.996                 -2.805084E-6             
10100.5                  -2.2908082E-6            
10402.012                -1.8075749E-6            
10703.516                -1.262813E-6             
11005.023                -1.1477072E-6            
11306.535                -1.0380041E-6            
11608.039                -9.334777E-7             
11909.547                -8.3390637E-7            
12211.059                -7.3908495E-7            
12512.5625               -6.4882255E-7            
12814.07                 -5.629315E-7             
13115.578                -4.812386E-7             
13417.086                -4.0357853E-7            
13718.594                -3.2979423E-7            
14020.102                -1.9674447E-7            
14321.609                -1.4185103E-7            
14623.113                -8.69583E-8              
14924.621                -3.206486E-8             
15226.133                2.2829289E-8             
15527.637                7.772202E-8              
15829.145                1.3261545E-7             
16130.656                2.306037E-7              
16432.16                 2.2976187E-7             
16733.668                2.2892003E-7             
17035.176                2.2807819E-7             
17336.684                2.2723636E-7             
17638.191                2.2639452E-7             
17939.7                  2.2555267E-7             
18241.207                2.2471083E-7             
18542.715                2.23869E-7               
18844.219                2.2302716E-7             
19145.73                 2.2218532E-7             
19447.234                2.2134348E-7             
19748.742                2.2050165E-7             
20050.254                2.196598E-7              
20351.758                2.1881797E-7             
20653.266                2.1797612E-7             
20954.773                2.1713429E-7             
21256.281                2.2228939E-7             
21557.79                 1.09282524E-7            
21859.297                1.0844444E-7             
22160.805                1.0760636E-7             
22462.312                1.06768276E-7            
22763.82                 1.0593019E-7             
23065.328                1.05092106E-7            
23366.832                1.04254035E-7            
23668.34                 1.0341595E-7             
23969.852                1.0257786E-7             
24271.355                1.01739786E-7            
24572.863                1.009017E-7              
24874.371                1.00063616E-7            
25175.879                9.922553E-8              
25477.387                9.838745E-8              
25778.895                9.754937E-8              
26080.402                9.671128E-8              
26381.91                 9.58732E-8               
26683.418                9.503512E-8              
26984.926                9.4197034E-8             
27286.43                 9.335896E-8              
27587.941                9.2520864E-8             
27889.45                 9.1682786E-8             
28190.953                9.084471E-8              
28492.46                 9.000663E-8              
28793.973                8.916853E-8              
29095.477                8.833046E-8              
29396.984                8.7492374E-8             
29698.492                8.665429E-8              
30000.0                  8.581621E-8              
