% x                      y                        z                        
-30000.0                 -3.989022E-8             
-29698.492               -4.025117E-8             
-29396.984               -4.0612115E-8            
-29095.477               -4.0973063E-8            
-28793.97                -4.1334008E-8            
-28492.463               -4.1694953E-8            
-28190.955               -4.2055902E-8            
-27889.447               -4.241685E-8             
-27587.94                -4.2777796E-8            
-27286.432               -4.3138744E-8            
-26984.924               -4.3499693E-8            
-26683.418               -4.3860638E-8            
-26381.91                -4.4221583E-8            
-26080.402               -4.458253E-8             
-25778.895               -4.494348E-8             
-25477.387               -4.5304425E-8            
-25175.879               -4.5665374E-8            
-24874.371               -4.6026322E-8            
-24572.863               -4.6387267E-8            
-24271.357               -4.6748212E-8            
-23969.85                -4.710916E-8             
-23668.342               -4.747011E-8             
-23366.834               -4.7831055E-8            
-23065.326               -4.8192003E-8            
-22763.818               -4.8552952E-8            
-22462.312               -4.8913897E-8            
-22160.805               -4.9274842E-8            
-21859.297               -4.963579E-8             
-21557.79                -4.999674E-8             
-21256.281               -1.9364536E-7            
-20954.773               6.240704E-8              
-20653.266               3.8859184E-8             
-20351.758               1.5311326E-8             
-20050.25                -8.236533E-9             
-19748.744               -3.178424E-8             
-19447.234               -5.533225E-8             
-19145.729               -7.887996E-8             
-18844.223               -1.0242766E-7            
-18542.715               -1.2597552E-7            
-18241.207               -1.4952337E-7            
-17939.7                 -1.7307124E-7            
-17638.191               -1.966191E-7             
-17336.684               -2.2016695E-7            
-17035.176               -2.4371482E-7            
-16733.668               -2.6726266E-7            
-16432.16                -2.9081053E-7            
-16130.653               -3.1435832E-7            
-15829.1455              -3.3790616E-7            
-15527.638               -3.6145403E-7            
-15226.131               -3.850018E-7             
-14924.623               -4.0854968E-7            
-14623.115               -4.3209752E-7            
-14321.608               -4.556453E-7             
-14020.1                 -1.7947264E-7            
-13718.593               -3.1515077E-7            
-13417.086               -4.508289E-7             
-13115.578               -7.115272E-7             
-12814.07                -5.8054667E-7            
-12512.5625              -6.02302E-7              
-12211.055               -6.1999276E-7            
-11909.549               -6.329999E-7             
-11608.041               -6.4058577E-7            
-11306.531               -6.4186383E-7            
-11005.025               -6.357604E-7             
-10703.518               -6.2096206E-7            
-10402.01                -5.8059976E-7            
-10100.502               -8.2179383E-7            
-9798.994                -1.0654979E-6            
-9497.488                -1.311739E-6             
-9195.98                 -1.5605395E-6            
-8894.471                -1.8119067E-6            
-8592.965                -2.0658263E-6            
-8291.457                -2.3222717E-6            
-7989.949                -2.581181E-6             
-7688.4434               -1.2960578E-6            
-7386.9336               -1.9487336E-6            
-7085.4277               -1.2753712E-6            
-6783.92                 -2.8454733E-6            
-6482.412                -4.177751E-6             
-6180.9043               -5.5100295E-6            
-5879.3965               -6.8423074E-6            
-5577.8906               -7.104196E-6             
-5276.383                -7.786206E-6             
-4974.873                -8.468221E-6             
-4673.367                -9.150226E-6             
-4371.8594               -9.066031E-6             
-4070.3516               -1.3495585E-5            
-3768.8438               -1.4884186E-5            
-3467.336                -2.6500797E-5            
-3165.83                 -2.9825438E-5            
-2864.3223               -2.446392E-5             
-2562.8145               -4.1498566E-5            
-2261.3066               -4.88085E-5              
-1959.7988               -4.5260113E-5            
-1658.291                -5.4312648E-5            
-1356.7852               -8.857446E-5             
-1055.2754               -5.1057654E-5            
-753.76953               -5.5998193E-5            
-452.26172               1.4738071E-5             
-150.7539                -2.6879854E-5            
150.7539                 -1.2971614E-4            
452.25977                -2.1459893E-5            
753.76953                -4.2065258E-5            
1055.2773                -2.5457917E-5            
1356.7832                -9.815787E-6             
1658.291                 -8.059941E-6             
1959.8008                -1.0218397E-5            
2261.3066                -1.4853007E-5            
2562.8145                -1.4545456E-5            
2864.3203                -2.5181833E-5            
3165.8281                -9.319761E-6             
3467.3398                -9.477895E-6             
3768.8438                -9.6360245E-6            
4070.3516                -9.794156E-6             
4371.8594                -7.382757E-6             
4673.367                 -5.3682897E-6            
4974.875                 -3.353823E-6             
5276.379                 -1.3393823E-6            
5577.8906                -2.0644784E-6            
5879.3984                -3.3767158E-6            
6180.9023                -4.6889363E-6            
6482.414                 -6.0011907E-6            
6783.918                 -5.279112E-6             
7085.426                 -2.0936245E-6            
7386.9375                -5.0183057E-6            
7688.4414                -4.00432E-6              
7989.949                 -7.0961096E-7            
8291.457                 -7.061535E-7             
8592.965                 -7.1695865E-7            
8894.473                 -7.40188E-7              
9195.98                  -7.742877E-7             
9497.488                 -8.17936E-7              
9798.996                 -8.700018E-7             
10100.5                  -9.29511E-7              
10402.012                -9.95624E-7              
10703.516                -1.0473383E-6            
11005.023                -8.469485E-7             
11306.535                -6.567389E-7             
11608.039                -4.7628313E-7            
11909.547                -3.0516438E-7            
12211.059                -1.4299565E-7            
12512.5625               1.0583428E-8             
12814.07                 1.5592612E-7             
13115.578                2.9335936E-7             
13417.086                4.2319525E-7             
13718.594                7.738864E-7              
14020.102                1.249219E-7              
14321.609                -1.0629396E-8            
14623.113                -1.4617893E-7            
14924.621                -2.8173025E-7            
15226.133                -4.172833E-7             
15527.637                -5.5283283E-7            
15829.145                -6.8838415E-7            
16130.656                -1.4677613E-7            
16432.16                 -1.5168624E-7            
16733.668                -1.5659643E-7            
17035.176                -1.615066E-7             
17336.684                -1.6641678E-7            
17638.191                -1.7132696E-7            
17939.7                  -1.7623715E-7            
18241.207                -1.8114733E-7            
18542.715                -1.860575E-7             
18844.219                -1.9096763E-7            
19145.73                 -1.9587787E-7            
19447.234                -2.00788E-7              
19748.742                -2.0569817E-7            
20050.254                -2.1060842E-7            
20351.758                -2.1551853E-7            
20653.266                -2.2042872E-7            
20954.773                -2.253389E-7             
21256.281                -5.462064E-8             
21557.79                 -5.3675187E-8            
21859.297                -5.272973E-8             
22160.805                -5.178428E-8             
22462.312                -5.0838825E-8            
22763.82                 -4.9893373E-8            
23065.328                -4.8947918E-8            
23366.832                -4.8002477E-8            
23668.34                 -4.7057025E-8            
23969.852                -4.611156E-8             
24271.355                -4.5166118E-8            
24572.863                -4.4220663E-8            
24874.371                -4.327521E-8             
25175.879                -4.2329756E-8            
25477.387                -4.1384304E-8            
25778.895                -4.043885E-8             
26080.402                -3.9493397E-8            
26381.91                 -3.854794E-8             
26683.418                -3.760249E-8             
26984.926                -3.6657035E-8            
27286.43                 -3.5711594E-8            
27587.941                -3.4766128E-8            
27889.45                 -3.3820676E-8            
28190.953                -3.2875235E-8            
28492.46                 -3.192978E-8             
28793.973                -3.0984314E-8            
29095.477                -3.0038873E-8            
29396.984                -2.909342E-8             
29698.492                -2.8147966E-8            
30000.0                  -2.7202512E-8            
