% x                      y                        z                        
-30000.0                 -0.0023079836            
-29698.492               -0.0023514014            
-29396.984               -0.0023988893            
-29095.477               -0.002450447             
-28793.97                -0.0025060745            
-28492.463               -0.002565772             
-28190.955               -0.0026295395            
-27889.447               -0.002697377             
-27587.94                -0.0027692844            
-27286.432               -0.0028452617            
-26984.924               -0.0029253091            
-26683.418               -0.0030094257            
-26381.91                -0.0030976129            
-26080.402               -0.00318987              
-25778.895               -0.0032861969            
-25477.387               -0.003386594             
-25175.879               -0.0034910606            
-24874.371               -0.0035995974            
-24572.863               -0.0037122043            
-24271.357               -0.0038288801            
-23969.85                -0.003949627             
-23668.342               -0.004074443             
-23366.834               -0.00420333              
-23065.326               -0.004336286             
-22763.818               -0.0044733123            
-22462.312               -0.0046144077            
-22160.805               -0.004759574             
-21859.297               -0.00490881              
-21557.79                -0.005062116             
-21256.281               -0.005219492             
-20954.773               -0.0053630047            
-20653.266               -0.0055224113            
-20351.758               -0.0057004774            
-20050.25                -0.0058972025            
-19748.744               -0.0061125853            
-19447.234               -0.006346631             
-19145.729               -0.0065993317            
-18844.223               -0.006870692             
-18542.715               -0.0071607134            
-18241.207               -0.007469394             
-17939.7                 -0.0077967336            
-17638.191               -0.008142732             
-17336.684               -0.0085073905            
-17035.176               -0.008890708             
-16733.668               -0.0092926845            
-16432.16                -0.009713321             
-16130.653               -0.010152615             
-15829.1455              -0.010610569             
-15527.638               -0.011087183             
-15226.131               -0.011582454             
-14924.623               -0.0120963855            
-14623.115               -0.012628977             
-14321.608               -0.013180226             
-14020.1                 -0.013828114             
-13718.593               -0.01458068              
-13417.086               -0.0153944185            
-13115.578               -0.016268983             
-12814.07                -0.01717665              
-12512.5625              -0.018128082             
-12211.055               -0.019126242             
-11909.549               -0.020174436             
-11608.041               -0.021276407             
-11306.531               -0.022436362             
-11005.025               -0.023659071             
-10703.518               -0.024950048             
-10402.01                -0.02641528              
-10100.502               -0.028078897             
-9798.994                -0.029915858             
-9497.488                -0.031935986             
-9195.98                 -0.03415011              
-8894.471                -0.036570143             
-8592.965                -0.039209217             
-8291.457                -0.042082034             
-7989.949                -0.045204934             
-7688.4434               -0.04860669              
-7386.9336               -0.052217104             
-7085.4277               -0.05595651              
-6783.92                 -0.060111158             
-6482.412                -0.065059625             
-6180.9043               -0.07060849              
-5879.3965               -0.076757744             
-5577.8906               -0.083991736             
-5276.383                -0.0921088               
-4974.873                -0.10102453              
-4673.367                -0.11073874              
-4371.8594               -0.12125161              
-4070.3516               -0.13511156              
-3768.8438               -0.1509458               
-3467.336                -0.16819057              
-3165.83                 -0.18684572              
-2864.3223               -0.21074978              
-2562.8145               -0.23899347              
-2261.3066               -0.26969907              
-1959.7988               -0.3025872               
-1658.291                -0.33241364              
-1356.7852               -0.35720736              
-1055.2754               -0.35443604              
-753.76953               -0.30631807              
-452.26172               -0.1902379               
-150.7539                -0.011948051             
150.7539                 0.19983433               
452.25977                0.41596037               
753.76953                0.58396316               
1055.2773                0.6831221                
1356.7832                0.7286055                
1658.291                 0.7174392                
1959.8008                0.676494                 
2261.3066                0.62123084               
2562.8145                0.5624969                
2864.3203                0.49819818               
3165.8281                0.4428159                
3467.3398                0.3973303                
3768.8438                0.35475624               
4070.3516                0.31509197               
4371.8594                0.2787806                
4673.367                 0.24792548               
4974.875                 0.22151852               
5276.379                 0.19955999               
5577.8906                0.18231346               
5879.3984                0.16667627               
6180.9023                0.15209602               
6482.414                 0.13857219               
6783.918                 0.12614028               
7085.426                 0.11539752               
7386.9375                0.106176965              
7688.4414                0.097741865              
7989.949                 0.09048975               
8291.457                 0.08396503               
8592.965                 0.077958055              
8894.473                 0.072435066              
9195.98                  0.067365855              
9497.488                 0.06272321               
9798.996                 0.058482554              
10100.5                  0.05462161               
10402.012                0.051119924              
10703.516                0.048043363              
11005.023                0.04535942               
11306.535                0.042827714              
11608.039                0.040444773              
11909.547                0.038207076              
12211.059                0.036111336              
12512.5625               0.03415445               
12814.07                 0.03233328               
13115.578                0.030644912              
13417.086                0.0290865                
13718.594                0.027655303              
14020.102                0.026343163              
14321.609                0.02508423               
14623.113                0.023865514              
14924.621                0.022686988              
15226.133                0.02154865               
15527.637                0.020450545              
15829.145                0.01939263               
16130.656                0.018377533              
16432.16                 0.017612388              
16733.668                0.016874943              
17035.176                0.016165208              
17336.684                0.015483185              
17638.191                0.01482887               
17939.7                  0.014202266              
18241.207                0.0136033725             
18542.715                0.01303219               
18844.219                0.012488724              
19145.73                 0.011972954              
19447.234                0.011484907              
19748.742                0.0110245645             
20050.254                0.010591927              
20351.758                0.01018701               
20653.266                0.009809799              
20954.773                0.009460297              
21256.281                0.009128544              
21557.79                 0.008842993              
21859.297                0.008564034              
22160.805                0.008292497              
22462.312                0.008028382              
22763.82                 0.0077716894             
23065.328                0.007522418              
23366.832                0.0072805723             
23668.34                 0.007046145              
23969.852                0.0068191364             
24271.355                0.006599556              
24572.863                0.0063873944             
24874.371                0.0061826548             
25175.879                0.0059853373             
25477.387                0.0057954416             
25778.895                0.0056129675             
26080.402                0.0054379157             
26381.91                 0.0052702855             
26683.418                0.0051100776             
26984.926                0.0049572913             
27286.43                 0.004811929              
27587.941                0.004673985              
27889.45                 0.0045434646             
28190.953                0.0044203675             
28492.46                 0.0043046908             
28793.973                0.0041964347             
29095.477                0.0040956032             
29396.984                0.0040021925             
29698.492                0.0039162035             
30000.0                  0.0038376362             
