% x                      y                        z                        
-30000.0                 1.17546715E-5            
-29698.492               -1.31846855E-5           
-29396.984               -3.8546397E-5            
-29095.477               -6.433046E-5             
-28793.97                -9.0536705E-5            
-28492.463               -1.1716547E-4            
-28190.955               -1.442166E-4             
-27889.447               -1.7169007E-4            
-27587.94                -1.9958589E-4            
-27286.432               -2.2790408E-4            
-26984.924               -2.5664462E-4            
-26683.418               -2.858073E-4             
-26381.91                -3.1539254E-4            
-26080.402               -3.4540013E-4            
-25778.895               -3.7583007E-4            
-25477.387               -4.0668237E-4            
-25175.879               -4.37957E-4              
-24874.371               -4.69654E-4              
-24572.863               -5.017734E-4             
-24271.357               -5.343149E-4             
-23969.85                -5.6727894E-4            
-23668.342               -6.0066534E-4            
-23366.834               -6.344741E-4             
-23065.326               -6.687052E-4             
-22763.818               -7.033587E-4             
-22462.312               -7.384343E-4             
-22160.805               -7.739325E-4             
-21859.297               -8.09853E-4              
-21557.79                -8.4619585E-4            
-21256.281               -8.8293117E-4            
-20954.773               -9.709276E-4             
-20653.266               -0.0010705165            
-20351.758               -0.0011624973            
-20050.25                -0.0012468699            
-19748.744               -0.0013236338            
-19447.234               -0.0013927905            
-19145.729               -0.001454338             
-18844.223               -0.0015082775            
-18542.715               -0.0015546092            
-18241.207               -0.0015933326            
-17939.7                 -0.0016244479            
-17638.191               -0.0016479549            
-17336.684               -0.0016638539            
-17035.176               -0.0016721445            
-16733.668               -0.0016728269            
-16432.16                -0.0016659013            
-16130.653               -0.0016513674            
-15829.1455              -0.0016292252            
-15527.638               -0.0015994749            
-15226.131               -0.0015621166            
-14924.623               -0.00151715              
-14623.115               -0.0014645751            
-14321.608               -0.0014043922            
-14020.1                 -0.0013050406            
-13718.593               -0.0011456752            
-13417.086               -9.576577E-4             
-13115.578               -7.4366503E-4            
-12814.07                -5.228126E-4             
-12512.5625              -2.596696E-4             
-12211.055               3.2963664E-5             
-11909.549               3.571523E-4              
-11608.041               7.1522116E-4             
-11306.531               0.0011097909             
-11005.025               0.0015438295             
-10703.518               0.002020749              
-10402.01                0.0026094199             
-10100.502               0.003359291              
-9798.994                0.004262372              
-9497.488                0.00532746               
-9195.98                 0.00656425               
-8894.471                0.007983433              
-8592.965                0.009596823              
-8291.457                0.011417632              
-7989.949                0.013460596              
-7688.4434               0.015881946              
-7386.9336               0.018735971              
-7085.4277               0.02200587               
-6783.92                 0.025883878              
-6482.412                0.030333659              
-6180.9043               0.035419587              
-5879.3965               0.041141666              
-5577.8906               0.04794151               
-5276.383                0.05660342               
-4974.873                0.06714222               
-4673.367                0.07955769               
-4371.8594               0.094060406              
-4070.3516               0.11191207               
-3768.8438               0.13665743               
-3467.336                0.16853532               
-3165.83                 0.20753586               
-2864.3223               0.25653177               
-2562.8145               0.3262323                
-2261.3066               0.41834643               
-1959.7988               0.5428791                
-1658.291                0.7206384                
-1356.7852               0.95358694               
-1055.2754               1.2617188                
-753.76953               1.621039                 
-452.26172               1.9975591                
-150.7539                2.2955153                
150.7539                 2.4443617                
452.25977                2.4129276                
753.76953                2.213992                 
1055.2773                1.9320337                
1356.7832                1.6182668                
1658.291                 1.3158908                
1959.8008                1.0531287                
2261.3066                0.8398961                
2562.8145                0.667765                 
2864.3203                0.52774674               
3165.8281                0.42559984               
3467.3398                0.34205252               
3768.8438                0.2739429                
4070.3516                0.22126806               
4371.8594                0.18116836               
4673.367                 0.14962733               
4974.875                 0.12388361               
5276.379                 0.103937455              
5577.8906                0.08784537               
5879.3984                0.073666826              
6180.9023                0.061313786              
6482.414                 0.050785795              
6783.918                 0.042162716              
7085.426                 0.035264272              
7386.9375                0.029844273              
7688.4414                0.025069809              
7989.949                 0.02108105               
8291.457                 0.017559962              
8592.965                 0.014437918              
8894.473                 0.011688526              
9195.98                  0.009288181              
9497.488                 0.007215669              
9798.996                 0.005451844              
10100.5                  0.0039793695             
10402.012                0.0027824084             
10703.516                0.0018531684             
11005.023                0.0010763723             
11306.535                3.7792258E-4             
11608.039                -2.4397578E-4            
11909.547                -7.910993E-4             
12211.059                -0.0012651302            
12512.5625               -0.0016676743            
12814.07                 -0.002000312             
13115.578                -0.002264545             
13417.086                -0.0024618274            
13718.594                -0.002592745             
14020.102                -0.0027184207            
14321.609                -0.0029192313            
14623.113                -0.0030841897            
14924.621                -0.0032133006            
15226.133                -0.0033065625            
15527.637                -0.0033639723            
15829.145                -0.003385533             
16130.656                -0.0033685495            
16432.16                 -0.0033145037            
16733.668                -0.0032543486            
17035.176                -0.003188085             
17336.684                -0.0031157127            
17638.191                -0.0030372317            
17939.7                  -0.0029526423            
18241.207                -0.002861944             
18542.715                -0.0027651372            
18844.219                -0.0026622233            
19145.73                 -0.0025531978            
19447.234                -0.0024380665            
19748.742                -0.0023168253            
20050.254                -0.002189474             
20351.758                -0.002056017             
20653.266                -0.0019164501            
20954.773                -0.0017707744            
21256.281                -0.0016168928            
21557.79                 -0.0015546194            
21859.297                -0.0014929194            
22160.805                -0.0014317926            
22462.312                -0.0013712391            
22763.82                 -0.001311259             
23065.328                -0.0012518521            
23366.832                -0.0011930193            
23668.34                 -0.0011347592            
23969.852                -0.0010770715            
24271.355                -0.0010199586            
24572.863                -9.6341834E-4            
24874.371                -9.074514E-4             
25175.879                -8.520577E-4             
25477.387                -7.972374E-4             
25778.895                -7.4299035E-4            
26080.402                -6.893166E-4             
26381.91                 -6.362162E-4             
26683.418                -5.836891E-4             
26984.926                -5.3173525E-4            
27286.43                 -4.8035543E-4            
27587.941                -4.295476E-4             
27889.45                 -3.7931371E-4            
28190.953                -3.2965382E-4            
28492.46                 -2.8056654E-4            
28793.973                -2.3205199E-4            
29095.477                -1.8411198E-4            
29396.984                -1.3674467E-4            
29698.492                -8.9950656E-5            
30000.0                  -4.3729953E-5            
