% x                      y                        z                        
-30000.0                 -0.010025314             
-29698.492               -0.010236913             
-29396.984               -0.010468281             
-29095.477               -0.010719417             
-28793.97                -0.01099032              
-28492.463               -0.011280994             
-28190.955               -0.011591435             
-27889.447               -0.011921647             
-27587.94                -0.012271626             
-27286.432               -0.012641374             
-26984.924               -0.013030891             
-26683.418               -0.013440173             
-26381.91                -0.013869228             
-26080.402               -0.01431805              
-25778.895               -0.014786641             
-25477.387               -0.0152750015            
-25175.879               -0.01578313              
-24874.371               -0.016311027             
-24572.863               -0.016858693             
-24271.357               -0.017426124             
-23969.85                -0.018013326             
-23668.342               -0.0186203               
-23366.834               -0.019247038             
-23065.326               -0.019893548             
-22763.818               -0.020559825             
-22462.312               -0.021245867             
-22160.805               -0.021951683             
-21859.297               -0.022677265             
-21557.79                -0.023422617             
-21256.281               -0.02418774              
-20954.773               -0.02491909              
-20653.266               -0.025731651             
-20351.758               -0.026630959             
-20050.25                -0.027617017             
-19748.744               -0.028689818             
-19447.234               -0.029849384             
-19145.729               -0.031095684             
-18844.223               -0.03242873              
-18542.715               -0.03384854              
-18241.207               -0.035355095             
-17939.7                 -0.0369484               
-17638.191               -0.038628455             
-17336.684               -0.04039526              
-17035.176               -0.042248815             
-16733.668               -0.04418912              
-16432.16                -0.04621618              
-16130.653               -0.048329975             
-15829.1455              -0.05053053              
-15527.638               -0.052817836             
-15226.131               -0.055191882             
-14924.623               -0.057652686             
-14623.115               -0.06020024              
-14321.608               -0.06283454              
-14020.1                 -0.066086866             
-13718.593               -0.06994515              
-13417.086               -0.07409624              
-13115.578               -0.07853679              
-12814.07                -0.08303779              
-12512.5625              -0.08772872              
-12211.055               -0.092622414             
-11909.549               -0.09773324              
-11608.041               -0.10307741              
-11306.531               -0.108673215             
-11005.025               -0.11454134              
-10703.518               -0.12070571              
-10402.01                -0.1274826               
-10100.502               -0.13519181              
-9798.994                -0.1438276               
-9497.488                -0.15344247              
-9195.98                 -0.1640943               
-8894.471                -0.17584676              
-8592.965                -0.18877006              
-8291.457                -0.20294276              
-7989.949                -0.21845223              
-7688.4434               -0.23531641              
-7386.9336               -0.25277874              
-7085.4277               -0.2706504               
-6783.92                 -0.29065323              
-6482.412                -0.3149006               
-6180.9043               -0.34217033              
-5879.3965               -0.37246233              
-5577.8906               -0.4065457               
-5276.383                -0.44446605              
-4974.873                -0.48612407              
-4673.367                -0.5315189               
-4371.8594               -0.5806514               
-4070.3516               -0.6415683               
-3768.8438               -0.7080991               
-3467.336                -0.77743953              
-3165.83                 -0.84958905              
-2864.3223               -0.9289705               
-2562.8145               -1.0069559               
-2261.3066               -1.0795324               
-1959.7988               -1.1312773               
-1658.291                -1.1478631               
-1356.7852               -1.1243925               
-1055.2754               -1.0205479               
-753.76953               -0.8269969               
-452.26172               -0.544233                
-150.7539                -0.1887265               
150.7539                 0.18193856               
452.25977                0.5403823                
753.76953                0.8287707                
1055.2773                1.0181993                
1356.7832                1.1262833                
1658.291                 1.1509073                
1959.8008                1.1271365                
2261.3066                1.0734702                
2562.8145                1.0065364                
2864.3203                0.9233209                
3165.8281                0.844911                 
3467.3398                0.7775375                
3768.8438                0.7118399                
4070.3516                0.64781564               
4371.8594                0.58605313               
4673.367                 0.5313951                
4974.875                 0.4834692                
5276.379                 0.44227597               
5577.8906                0.4085685                
5879.3984                0.3775045                
6180.9023                0.34812993               
6482.414                 0.3204437                
6783.918                 0.29457554               
7085.426                 0.27190694               
7386.9375                0.2514898                
7688.4414                0.23236844               
7989.949                 0.21634148               
8291.457                 0.20202647               
8592.965                 0.18875737               
8894.473                 0.17646606               
9195.98                  0.16509145               
9497.488                 0.1545786                
9798.996                 0.14487785               
10100.5                  0.13594425               
10402.012                0.12773639               
10703.516                0.12038418               
11005.023                0.11385541               
11306.535                0.10768935               
11608.039                0.10187775               
11909.547                0.0964122                
12211.059                0.09128486               
12512.5625               0.086488366              
12814.07                 0.08201523               
13115.578                0.0778585                
13417.086                0.07401141               
13718.594                0.07046741               
14020.102                0.06724119               
14321.609                0.06415517               
14623.113                0.061153095              
14924.621                0.05823488               
15226.133                0.05540054               
15527.637                0.052650172              
15829.145                0.049983677              
16130.656                0.047407754              
16432.16                 0.045460008              
16733.668                0.043582473              
17035.176                0.041775174              
17336.684                0.040038113              
17638.191                0.03837129               
17939.7                  0.036774706              
18241.207                0.035248358              
18542.715                0.033792246              
18844.219                0.032406386              
19145.73                 0.031090733              
19447.234                0.02984535               
19748.742                0.028670186              
20050.254                0.027565246              
20351.758                0.026530571              
20653.266                0.02556612               
20954.773                0.024671905              
21256.281                0.023820583              
21557.79                 0.023076653              
21859.297                0.022347884              
22160.805                0.021638297              
22462.312                0.020947894              
22763.82                 0.020276671              
23065.328                0.019624634              
23366.832                0.018991785              
23668.34                 0.018378112              
23969.852                0.017783614              
24271.355                0.017208312              
24572.863                0.016652185              
24874.371                0.016115243              
25175.879                0.015597482              
25477.387                0.015098903              
25778.895                0.014619508              
26080.402                0.014159295              
26381.91                 0.013718265              
26683.418                0.013296417              
26984.926                0.012893752              
27286.43                 0.012510274              
27587.941                0.012145969              
27889.45                 0.011800852              
28190.953                0.011474921              
28492.46                 0.011168169              
28793.973                0.010880595              
29095.477                0.010612211              
29396.984                0.010363007              
29698.492                0.010132984              
30000.0                  0.009922145              
