% x                      y                        z                        
-30000.0                 1.934206E-4              
-29698.492               4.2921423E-5             
-29396.984               -1.09821434E-4           
-29095.477               -2.6480798E-4            
-28793.97                -4.220372E-4             
-28492.463               -5.815111E-4             
-28190.955               -7.432287E-4             
-27889.447               -9.0719E-4               
-27587.94                -0.001073395             
-27286.432               -0.0012418437            
-26984.924               -0.0014125361            
-26683.418               -0.001585471             
-26381.91                -0.0017606508            
-26080.402               -0.0019380742            
-25778.895               -0.0021177414            
-25477.387               -0.0022996522            
-25175.879               -0.0024838066            
-24874.371               -0.0026702047            
-24572.863               -0.0028588467            
-24271.357               -0.003049731             
-23969.85                -0.0032428603            
-23668.342               -0.0034382332            
-23366.834               -0.0036358498            
-23065.326               -0.0038357102            
-22763.818               -0.004037814             
-22462.312               -0.004242161             
-22160.805               -0.004448752             
-21859.297               -0.004657587             
-21557.79                -0.0048686657            
-21256.281               -0.0050819884            
-20954.773               -0.0057138368            
-20653.266               -0.006376045             
-20351.758               -0.006995764             
-20050.25                -0.007572996             
-19748.744               -0.008107736             
-19447.234               -0.008599995             
-19145.729               -0.009049759             
-18844.223               -0.009457036             
-18542.715               -0.009821828             
-18241.207               -0.010144132             
-17939.7                 -0.010423947             
-17638.191               -0.010661275             
-17336.684               -0.010856114             
-17035.176               -0.011008466             
-16733.668               -0.011118329             
-16432.16                -0.011185705             
-16130.653               -0.0112105915            
-15829.1455              -0.011192991             
-15527.638               -0.0111329025            
-15226.131               -0.011030326             
-14924.623               -0.010885261             
-14623.115               -0.010697708             
-14321.608               -0.010467668             
-14020.1                 -0.010049522             
-13718.593               -0.009389084             
-13417.086               -0.008555549             
-13115.578               -0.0075492775            
-12814.07                -0.0064345957            
-12512.5625              -0.0051497086            
-12211.055               -0.003683091             
-11909.549               -0.002021867             
-11608.041               -1.5152853E-4            
-11306.531               0.0019443075             
-11005.025               0.0042842333             
-10703.518               0.006889645              
-10402.01                0.0101529425             
-10100.502               0.014362959              
-9798.994                0.01947777               
-9497.488                0.025548678              
-9195.98                 0.032632153              
-8894.471                0.040790383              
-8592.965                0.050092                 
-8291.457                0.06061364               
-7989.949                0.07244064               
-7688.4434               0.08640427               
-7386.9336               0.10403874               
-7085.4277               0.123734385              
-6783.92                 0.1469238                
-6482.412                0.17576604               
-6180.9043               0.20938738               
-5879.3965               0.2477878                
-5577.8906               0.29291818               
-5276.383                0.35061577               
-4974.873                0.421172                 
-4673.367                0.5045854                
-4371.8594               0.6008574                
-4070.3516               0.72975355               
-3768.8438               0.90221226               
-3467.336                1.1145761                
-3165.83                 1.3668433                
-2864.3223               1.6860222                
-2562.8145               2.1051352                
-2261.3066               2.6166644                
-1959.7988               3.2629864                
-1658.291                4.0611143                
-1356.7852               5.0140686                
-1055.2754               6.0597334                
-753.76953               7.0929484                
-452.26172               7.975633                 
-150.7539                8.479978                 
150.7539                 8.493443                 
452.25977                7.9735584                
753.76953                7.0976596                
1055.2773                6.0551057                
1356.7832                5.0170965                
1658.291                 4.057706                 
1959.8008                3.2583718                
2261.3066                2.6173654                
2562.8145                2.0934327                
2864.3203                1.6701247                
3165.8281                1.3639235                
3467.3398                1.1104579                
3768.8438                0.9000971                
4070.3516                0.73283225               
4371.8594                0.6073804                
4673.367                 0.50567645               
4974.875                 0.42110363               
5276.379                 0.3536626                
5577.8906                0.29941115               
5879.3984                0.2513324                
6180.9023                0.2093972                
6482.414                 0.17360395               
6783.918                 0.14429513               
7085.426                 0.12206903               
7386.9375                0.10416218               
7688.4414                0.08760829               
7989.949                 0.073610954              
8291.457                 0.06145833               
8592.965                 0.050672278              
8894.473                 0.041163716              
9195.98                  0.032852843              
9497.488                 0.025667837              
9798.996                 0.019543778              
10100.5                  0.01442182               
10402.012                0.010248131              
10703.516                0.007026063              
11005.023                0.004398175              
11306.535                0.0020358395             
11608.039                -8.219831E-5             
11909.547                -0.0019746542            
12211.059                -0.003657894             
12512.5625               -0.0051463414            
12814.07                 -0.0064529455            
13115.578                -0.007589211             
13417.086                -0.0086697               
13718.594                -0.009594392             
14020.102                -0.010353949             
14321.609                -0.010800229             
14623.113                -0.010995172             
14924.621                -0.011149026             
15226.133                -0.011261792             
15527.637                -0.011333465             
15829.145                -0.011364047             
16130.656                -0.01135354              
16432.16                 -0.011301943             
16733.668                -0.011209254             
17035.176                -0.011075475             
17336.684                -0.010900606             
17638.191                -0.010684646             
17939.7                  -0.010427595             
18241.207                -0.010129455             
18542.715                -0.009790223             
18844.219                -0.009409906             
19145.73                 -0.008988488             
19447.234                -0.008525992             
19748.742                -0.008022399             
20050.254                -0.0074777077            
20351.758                -0.0068919407            
20653.266                -0.0062221964            
20954.773                -0.0054860488            
21256.281                -0.004894208             
21557.79                 -0.0046858136            
21859.297                -0.004491049             
22160.805                -0.004297736             
22462.312                -0.0041058753            
22763.82                 -0.003915467             
23065.328                -0.00372651              
23366.832                -0.0035390079            
23668.34                 -0.003352955             
23969.852                -0.003168352             
24271.355                -0.0029852055            
24572.863                -0.002803509             
24874.371                -0.002623264             
25175.879                -0.0024444712            
25477.387                -0.0022671304            
25778.895                -0.0020912415            
26080.402                -0.0019168048            
26381.91                 -0.0017438199            
26683.418                -0.0015722872            
26984.926                -0.0014022063            
27286.43                 -0.0012335796            
27587.941                -0.0010664006            
27889.45                 -9.0067566E-4            
28190.953                -7.3640485E-4            
28492.46                 -5.7358394E-4            
28793.973                -4.1221292E-4            
29095.477                -2.5229805E-4            
29396.984                -9.383309E-5             
29698.492                6.3179876E-5             
30000.0                  2.1874085E-4             
