% x                      y                        z                        
7.1054274E-15            9.0911046E-5             
10.0200405               7.0905207E-6             
20.040081                -7.673001E-5             
30.06012                 -1.6055051E-4            
40.080162                -2.4437107E-4            
50.1002                  -3.2819156E-4            
60.12024                 -4.1201207E-4            
70.14028                 -4.9583265E-4            
80.160324                -5.796532E-4             
90.18037                 -6.6347374E-4            
100.2004                 -7.4729417E-4            
110.22044                -8.311147E-4             
120.24048                -9.149352E-4             
130.26053                -9.987558E-4             
140.28056                -0.0010825763            
150.3006                 -0.0015156639            
160.32065                -0.0015957823            
170.34068                -0.0017465412            
180.36073                -0.0017671757            
190.38075                -0.001741016             
200.4008                 -0.0017779593            
210.42084                -0.0018149024            
220.44089                -0.0018518456            
230.46094                -0.0018887889            
240.48096                -0.001925732             
250.50099                -0.001962675             
260.52106                -0.0019996185            
270.54108                -0.0020365615            
280.56113                -0.0020735047            
290.58115                -0.0021104477            
300.6012                 -0.002147391             
310.62125                -0.0021843342            
320.6413                 -0.0022212774            
330.66132                -0.0022752068            
340.68137                -0.0022746495            
350.7014                 -0.002274092             
360.72147                -0.0022735347            
370.7415                 -0.0022729773            
380.7615                 -0.00227242              
390.7816                 -0.0022718627            
400.8016                 -0.0022713053            
410.82166                -0.002270748             
420.84167                -0.0022701905            
430.86172                -0.0022696333            
440.88177                -0.002269076             
450.9018                 -0.0022685186            
460.92188                -0.0022679612            
470.9419                 -0.0021423174            
480.9619                 -0.0020799497            
490.98196                -0.0020175818            
501.00198                -0.001955214             
511.02206                -0.001892846             
521.0421                 -0.0018304781            
531.06213                -0.0017681103            
541.08215                -0.0017057427            
551.1022                 -0.0016433749            
561.12225                -0.0015810068            
571.1423                 -0.0015186392            
581.1623                 -0.0014562714            
591.1824                 -0.0013939033            
601.2024                 -0.0011518551            
611.2225                 -0.0011050708            
621.2425                 -0.0010582868            
631.2625                 -0.0010115027            
641.2826                 -9.647184E-4             
651.3026                 -9.179344E-4             
661.32263                -8.7115035E-4            
671.3427                 -8.2436606E-4            
681.36273                -8.2209223E-4            
691.38275                -7.904821E-4             
701.4028                 -7.5887196E-4            
711.42285                -7.2726165E-4            
721.44293                -6.956513E-4             
731.4629                 -6.640414E-4             
741.483                  -6.32431E-4              
751.50305                -6.008207E-4             
761.523                  -5.692108E-4             
771.5431                 -5.376004E-4             
781.5632                 -5.059901E-4             
791.5831                 -4.7438018E-4            
801.6032                 -4.4276984E-4            
811.6232                 -4.1115974E-4            
821.6433                 -3.795494E-4             
831.6633                 -3.6788313E-4            
841.68335                -3.577047E-4             
851.7034                 -3.4752622E-4            
861.72345                -3.3734782E-4            
871.74347                -3.271694E-4             
881.76355                -3.1699095E-4            
891.7835                 -3.0681258E-4            
901.8036                 -2.966341E-4             
911.82367                -2.8645564E-4            
921.84375                -2.7627716E-4            
931.8637                 -2.6609882E-4            
941.8838                 -2.5592034E-4            
951.9038                 -2.4574192E-4            
961.9238                 -2.4598386E-4            
971.9439                 -2.3067987E-4            
981.9639                 -2.1537597E-4            
991.98395                -2.0007206E-4            
1002.00397               -1.8476816E-4            
1012.02405               -1.6946415E-4            
1022.0441                -1.5416017E-4            
1032.0641                -1.3885635E-4            
1042.0842                -1.2355226E-4            
1052.1042                -1.0824836E-4            
1062.1243                -9.294445E-5             
1072.1443                -1.0754099E-4            
1082.1643                -1.0379153E-4            
1092.1843                -1.0004207E-4            
1102.2043                -9.62926E-5              
1112.2245                -9.2543094E-5            
1122.2445                -8.8793626E-5            
1132.2645                -8.5044165E-5            
1142.2845                -8.12947E-5              
1152.3047                -7.754519E-5             
1162.3246                -7.3795774E-5            
1172.3447                -7.004626E-5             
1182.3647                -6.62968E-5              
1192.3848                -6.254733E-5             
1202.4048                -5.8797872E-5            
1212.4248                -5.5048407E-5            
1222.445                 -5.12989E-5              
1232.465                 -4.7549434E-5            
1242.485                 -4.379997E-5             
1252.505                 -4.005051E-5             
1262.525                 -3.788871E-5             
1272.5452                -3.4597855E-5            
1282.5652                -3.1307045E-5            
1292.5851                -2.8016271E-5            
1302.6052                -2.8986473E-5            
1312.6252                -2.8668284E-5            
1322.6453                -2.8350098E-5            
1332.6654                -2.8031905E-5            
1342.6854                -2.7713717E-5            
1352.7053                -2.7395534E-5            
1362.7255                -2.7077342E-5            
1372.7455                -2.6759153E-5            
1382.7655                -2.6440966E-5            
1392.7856                -2.6122774E-5            
1402.8055                -2.5804591E-5            
1412.8256                -2.4917308E-5            
1422.8457                -2.3962844E-5            
1432.8657                -2.3008393E-5            
1442.8859                -2.205393E-5             
1452.9059                -2.1099477E-5            
1462.9258                -2.0145037E-5            
1472.9459                -1.9190571E-5            
1482.966                 -1.823612E-5             
1492.986                 -1.7281667E-5            
1503.0061                -1.6327203E-5            
1513.026                 -1.5372763E-5            
1523.046                 -1.44183105E-5           
1533.0662                -1.3463847E-5            
1543.0862                -1.2509394E-5            
1553.1062                -1.1554942E-5            
1563.1263                -1.0600477E-5            
1573.1462                -9.646037E-6             
1583.1663                -8.691584E-6             
1593.1864                -7.7371205E-6            
1603.2064                -6.7826686E-6            
1613.2264                -5.828216E-6             
1623.2465                -4.873764E-6             
1633.2665                -3.9193114E-6            
1643.2866                -2.9648475E-6            
1653.3066                -2.010395E-6             
1663.3267                -1.0559428E-6            
1673.3468                -1.0147888E-7            
1683.3667                8.529618E-7              
1693.3867                -9.456382E-6             
1703.4069                -8.707913E-6             
1713.4269                -7.959454E-6             
1723.4469                -7.2109938E-6            
1733.467                 -6.462525E-6             
1743.4869                -5.7140746E-6            
1753.507                 -4.965615E-6             
1763.5271                -7.041389E-6             
1773.5471                -6.875794E-6             
1783.567                 -6.7102014E-6            
1793.5872                -6.5446047E-6            
1803.6072                -6.3790103E-6            
1813.6272                -6.213416E-6             
1823.6473                -6.047819E-6             
1833.6674                -5.482285E-6             
1843.6875                -5.342484E-6             
1853.7074                -5.202687E-6             
1863.7274                -5.0628882E-6            
1873.7476                -4.923088E-6             
1883.7676                -4.783289E-6             
1893.7875                -4.643492E-6             
1903.8076                -4.5036913E-6            
1913.8276                -4.363893E-6             
1923.8477                -4.224094E-6             
1933.8678                -4.0842933E-6            
1943.8878                -3.9444944E-6            
1953.9077                -3.8046974E-6            
1963.9279                -3.664897E-6             
1973.9479                -3.5250982E-6            
1983.9679                -3.3852994E-6            
1993.988                 -3.2454989E-6            
2004.0079                -3.1057018E-6            
2014.028                 -2.965903E-6             
2024.0481                -2.8261024E-6            
2034.0681                -2.5150905E-6            
2044.0883                -2.359502E-6             
2054.1082                -2.2039178E-6            
2064.1282                -2.0483315E-6            
2074.1484                -1.8927412E-6            
2084.1685                -1.7371549E-6            
2094.1882                -1.5815723E-6            
2104.2085                -1.4259822E-6            
2114.2285                -1.2703958E-6            
2124.2485                -1.1148095E-6            
2134.2686                -9.592231E-7             
2144.2886                -8.036368E-7             
2154.3086                -1.9963113E-6            
2164.3286                -1.9624802E-6            
2174.3486                -1.9286488E-6            
2184.3687                -1.8948176E-6            
2194.389                 -1.8609854E-6            
2204.4087                -1.8271551E-6            
2214.429                 -1.7933229E-6            
2224.449                 -1.7594916E-6            
2234.469                 -1.7256604E-6            
2244.489                 -1.6918291E-6            
2254.509                 -1.6579978E-6            
2264.529                 -1.6241665E-6            
2274.549                 -1.5903353E-6            
2284.569                 -1.556504E-6             
2294.589                 -1.5226727E-6            
2304.6094                -1.4888407E-6            
2314.6292                -1.4550102E-6            
2324.6492                -1.4211789E-6            
2334.6694                -1.3873469E-6            
2344.6895                -1.3535156E-6            
2354.7095                -1.3196843E-6            
2364.7295                -1.285853E-6             
2374.7495                -1.2520218E-6            
2384.7695                -1.2181905E-6            
2394.7896                -1.1843592E-6            
2404.8096                -1.150528E-6             
2414.8298                -1.1166958E-6            
2424.8496                -1.0828654E-6            
2434.8696                -1.0490342E-6            
2444.89                  -1.015202E-6             
2454.91                  -9.813707E-7             
2464.93                  -9.4753943E-7            
2474.95                  -9.1370816E-7            
2484.97                  -8.798769E-7             
2494.99                  -8.460456E-7             
2505.01                  -8.1221435E-7            
2515.0303                -7.783823E-7             
2525.05                  -7.445518E-7             
2535.07                  -7.1072054E-7            
2545.0903                -6.7958325E-7            
2555.11                  -6.693324E-7             
2565.1304                -6.590811E-7             
2575.1504                -6.4883E-7               
2585.1702                -6.3857914E-7            
2595.1904                -6.2832777E-7            
2605.2104                -6.180767E-7             
2615.2305                -6.078256E-7             
2625.2505                -5.9757446E-7            
2635.2708                -5.8732314E-7            
2645.2905                -5.770723E-7             
2655.3105                -5.668212E-7             
2665.3308                -5.5656983E-7            
2675.3506                -5.46319E-7              
2685.3708                -5.3606766E-7            
2695.3909                -5.258166E-7             
2705.4106                -5.155657E-7             
2715.431                 -5.0531435E-7            
2725.451                 -4.9506326E-7            
2735.471                 -4.848122E-7             
2745.491                 -4.7456106E-7            
2755.511                 -4.6430995E-7            
2765.531                 -4.5405886E-7            
2775.551                 -4.4380778E-7            
2785.5713                -4.335564E-7             
2795.591                 -4.2330558E-7            
2805.611                 -4.1305447E-7            
2815.6313                -4.0280312E-7            
2825.6511                -3.9255227E-7            
2835.6714                -3.8230093E-7            
2845.6914                -3.7204984E-7            
2855.7112                -3.6179898E-7            
2865.7314                -3.5154764E-7            
2875.7515                -3.4129653E-7            
2885.7717                -3.310452E-7             
2895.7915                -3.2079433E-7            
2905.8118                -3.10543E-7              
2915.8318                -3.002919E-7             
2925.8516                -2.9004104E-7            
2935.8718                -2.797897E-7             
2945.8918                -2.695386E-7             
2955.9119                -2.592875E-7             
2965.932                 -2.490364E-7             
2975.9521                -2.3878505E-7            
2985.972                 -2.285342E-7             
2995.992                 -2.182831E-7             
3006.0122                -2.0803176E-7            
3016.032                 -1.977809E-7             
3026.052                 -1.8752982E-7            
3036.0723                -1.7727847E-7            
3046.092                 -1.6702762E-7            
3056.1123                -1.5677627E-7            
3066.1323                -1.4652517E-7            
3076.152                 -1.3627432E-7            
3086.1724                -1.2602298E-7            
3096.1924                -1.15771876E-7           
3106.2124                -1.0552078E-7            
3116.2324                -9.5269684E-8            
3126.2527                -8.5018335E-8            
3136.2725                -7.4767485E-8            
3146.2925                -6.4516385E-8            
3156.3127                -5.426504E-8             
3166.3325                -1.9309465E-7            
3176.3528                -1.767595E-7             
3186.3728                -1.6042475E-7            
3196.3926                -1.440904E-7             
3206.4128                -1.2775524E-7            
3216.4329                -1.1142048E-7            
3226.453                 -9.508573E-8             
3236.473                 -7.875098E-8             
3246.493                 -6.241623E-8             
3256.513                 -4.6081475E-8            
3266.533                 -2.9746722E-8            
3276.5532                -1.3411572E-8            
3286.5732                2.92318E-9               
3296.593                 1.9257534E-8             
3306.6133                3.5592684E-8             
3316.6333                5.1927437E-8             
3326.6533                6.826219E-8              
3336.6733                8.459694E-8              
3346.6936                1.0093209E-7             
3356.7134                1.17266445E-7            
3366.7334                1.336012E-7              
3376.7537                -1.5249601E-7            
3386.7734                -1.5094305E-7            
3396.7937                -1.4939002E-7            
3406.8137                -1.4783701E-7            
3416.8335                -1.4628407E-7            
3426.8538                -1.4473102E-7            
3436.8738                -1.4317803E-7            
3446.8938                -1.4162504E-7            
3456.9138                -1.4007203E-7            
3466.934                 -1.38519E-7              
3476.9539                -1.3696604E-7            
3486.9739                -1.3541305E-7            
3496.9941                -1.3386001E-7            
3507.014                 -1.3230705E-7            
3517.034                 -1.3075406E-7            
3527.0542                -1.2920103E-7            
3537.074                 -1.2764806E-7            
3547.0942                -1.2609503E-7            
3557.1143                -1.2454204E-7            
3567.134                 -1.2298908E-7            
3577.1543                -1.2143605E-7            
3587.1743                -1.1988304E-7            
3597.1943                -1.1833005E-7            
3607.2144                -1.1677705E-7            
3617.2346                -1.1522402E-7            
3627.2544                -1.1367106E-7            
3637.2744                -1.12118066E-7           
3647.2947                -1.10565026E-7           
3657.3147                -1.09012035E-7           
3667.3347                -1.0745904E-7            
3677.3547                -1.0590604E-7            
3687.375                 -1.03713795E-7           
3697.3948                -1.0233888E-7            
3707.4148                -1.009677E-7             
3717.435                 -9.960026E-8             
3727.4548                -9.8236626E-8            
3737.475                 -9.687667E-8             
3747.495                 -9.552049E-8             
3757.515                 -9.4168065E-8            
3767.5352                -9.2819306E-8            
3777.5552                -9.147429E-8             
3787.575                 -9.0133014E-8            
3797.5952                -8.8795375E-8            
3807.6152                -8.746146E-8             
3817.6353                -8.613123E-8             
3827.6553                -8.4804675E-8            
3837.6755                -8.348176E-8             
3847.6953                -8.216257E-8             
3857.7153                -8.0847E-8               
3867.7356                -7.9535056E-8            
3877.7554                -7.822681E-8             
3887.7756                -7.6922134E-8            
3897.7957                -7.562112E-8             
3907.8154                -7.432375E-8             
3917.8357                -7.302994E-8             
3927.8557                -7.1739755E-8            
3937.8757                -7.045317E-8             
3947.8958                -6.917018E-8             
3957.916                 -6.789073E-8             
3967.9358                -6.661492E-8             
3977.9558                -6.534266E-8             
3987.976                 -6.407392E-8             
3997.9958                -6.28088E-8              
4008.0159                -6.15472E-8              
4018.0361                -6.02891E-8              
4028.056                 -5.9034605E-8            
4038.0762                -5.7783566E-8            
4048.0962                -5.6536084E-8            
4058.1165                -5.529208E-8             
4068.1362                -5.4051643E-8            
4078.1562                -5.2814674E-8            
4088.1765                -5.1581164E-8            
4098.1963                -5.03512E-8              
4108.2163                -4.9124687E-8            
4118.237                 -4.790158E-8             
4128.2563                -4.668206E-8             
4138.2764                -4.5465935E-8            
4148.297                 -4.4253202E-8            
4158.3164                -4.3044032E-8            
4168.337                 -4.1838177E-8            
4178.357                 -4.0635815E-8            
4188.3765                -3.943693E-8             
4198.397                 -3.824135E-8             
4208.417                 -3.7049233E-8            
4218.437                 -3.5860523E-8            
4228.457                 -3.4675207E-8            
4238.477                 -3.349328E-8             
4248.497                 -3.2314738E-8            
4258.517                 -3.113957E-8             
4268.537                 -2.9967772E-8            
4278.557                 -2.879934E-8             
4288.577                 -2.7634263E-8            
4298.597                 -2.6472534E-8            
4308.617                 -2.531415E-8             
4318.637                 -2.4159105E-8            
4328.657                 -2.3007388E-8            
4338.6772                -2.1858995E-8            
4348.6973                -2.071392E-8             
4358.7173                -1.9572155E-8            
4368.7373                -1.8433695E-8            
4378.7573                -1.7298534E-8            
4388.778                 -1.616661E-8             
4398.7974                -1.503808E-8             
4408.8174                -1.3912774E-8            
4418.838                 -1.2790686E-8            
4428.858                 -1.1671919E-8            
4438.878                 -1.0556413E-8            
4448.898                 -9.444159E-9             
4458.918                 -8.335153E-9             
4468.938                 -7.2293873E-9            
4478.958                 -2.2744954E-8            
4488.978                 -2.2617883E-8            
4498.998                 -2.2491E-8               
4509.018                 -2.2364308E-8            
4519.038                 -2.2237804E-8            
4529.058                 -2.2111491E-8            
4539.078                 -2.1985368E-8            
4549.098                 -2.1859432E-8            
4559.118                 -2.1733683E-8            
4569.138                 -2.1608125E-8            
4579.158                 -2.1482752E-8            
4589.178                 -2.1357568E-8            
4599.198                 -2.123257E-8             
4609.2188                -2.1107754E-8            
4619.2383                -2.0983135E-8            
4629.2583                -2.0858698E-8            
4639.279                 -2.0734438E-8            
4649.2983                -2.0610377E-8            
4659.319                 -2.048649E-8             
4669.339                 -2.0362794E-8            
4679.3584                -2.0239288E-8            
4689.379                 -2.0115955E-8            
4699.399                 -1.9992811E-8            
4709.419                 -1.9869852E-8            
4719.439                 -1.9747075E-8            
4729.459                 -1.9624482E-8            
4739.479                 -1.9502071E-8            
4749.499                 -1.9379842E-8            
4759.519                 -1.9257797E-8            
4769.539                 -1.9135932E-8            
4779.559                 -1.901425E-8             
4789.579                 -1.889275E-8             
4799.599                 -1.8771429E-8            
4809.619                 -1.865029E-8             
4819.639                 -1.8529333E-8            
4829.6597                -1.8408548E-8            
4839.679                 -1.8287954E-8            
4849.699                 -1.8167535E-8            
4859.7197                -1.804729E-8             
4869.7393                -1.7927235E-8            
4879.76                  -1.7807347E-8            
4889.78                  -1.7687643E-8            
4899.7993                -1.7568125E-8            
4909.82                  -1.7448771E-8            
4919.84                  -1.73296E-8              
4929.86                  -1.7210608E-8            
4939.88                  -1.7091791E-8            
4949.9                   -1.6973152E-8            
4959.92                  -1.685469E-8             
4969.94                  -1.6736402E-8            
4979.96                  -1.6618293E-8            
4989.98                  -1.6500357E-8            
5000.0                   -1.6382597E-8            
