% x                      y                        z                        
5.77316E-14              0.0012429558             
22.40549                 0.0012430524             
44.81098                 0.001270557              
67.21647                 0.0012661444             
89.62196                 0.0012617318             
112.02745                0.0012573192             
134.43294                0.001305388              
156.83844                0.0013102491             
179.24393                0.0012900534             
201.64943                0.0012818963             
224.0549                 0.001273739              
246.4604                 0.0012879963             
268.86588                0.001268751              
291.2714                 0.001272071              
313.67688                0.001275391              
336.08237                0.0012787109             
358.48785                0.001282031              
380.89334                0.0012853509             
403.29886                0.0012886709             
425.7043                 0.0012682953             
448.1098                 0.0012463193             
470.5153                 0.0012835385             
492.9208                 0.0012600608             
515.3263                 0.0012365831             
537.73175                0.0012131054             
560.13727                0.0011896277             
582.5428                 0.00116615               
604.94824                0.0011426724             
627.35376                0.001143705              
649.7592                 0.0011262416             
672.16473                0.00100527               
694.57025                9.4428513E-4             
716.9757                 8.833002E-4              
739.38116                8.2231546E-4             
761.7867                 7.6133054E-4             
784.19214                6.8648264E-4             
806.5977                 5.910449E-4              
829.0032                 4.956077E-4              
851.4086                 3.6134647E-4             
873.8142                 2.8556716E-4             
896.2196                 2.0592229E-4             
918.6251                 9.9680394E-5             
941.0306                 7.3789965E-6             
963.4361                 -6.6543544E-5            
985.8416                 -1.4046609E-4            
1008.2471                -2.4833856E-4            
1030.6526                -2.9286687E-4            
1053.0581                -3.373949E-4             
1075.4635                -3.8192293E-4            
1097.869                 -4.264511E-4             
1120.2745                -4.7097914E-4            
1142.68                  -4.5376495E-4            
1165.0856                -4.722048E-4             
1187.4911                -4.550983E-4             
1209.8965                -4.3748887E-4            
1232.3019                -4.1987942E-4            
1254.7075                -4.0226986E-4            
1277.1129                -3.802949E-4             
1299.5184                -3.5454787E-4            
1321.924                 -3.288007E-4             
1344.3295                -3.030537E-4             
1366.735                 -2.4917463E-4            
1389.1405                -2.3455975E-4            
1411.5459                -2.1994486E-4            
1433.9514                -2.053299E-4             
1456.3569                -1.9071503E-4            
1478.7623                -1.5425336E-4            
1501.168                 -1.242815E-4             
1523.5734                -9.4309835E-5            
1545.9789                -7.5499614E-5            
1568.3843                -6.281975E-5             
1590.7899                -5.199167E-5             
1613.1954                -4.1163585E-5            
1635.6007                -3.0335634E-5            
1658.0063                -1.950755E-5             
1680.4119                -8.679466E-6             
1702.8173                2.1484857E-6             
1725.2228                1.2976569E-5             
1747.6284                2.3804652E-5             
1770.0337                2.1364616E-5             
1792.4392                2.3425842E-5             
1814.8447                9.032563E-6              
1837.2502                9.451707E-6              
1859.6558                9.870848E-6              
1882.0612                1.0289989E-5             
1904.4668                1.9780158E-5             
1926.8722                2.2288297E-5             
1949.2777                2.4796434E-5             
1971.6832                2.7304588E-5             
1994.0885                2.9812709E-5             
2016.4941                3.2320862E-5             
2038.8997                3.4829016E-5             
2061.3052                3.733717E-5              
2083.7107                4.774122E-5              
2106.1162                4.8908343E-5             
2128.5217                2.7131779E-5             
2150.927                 2.4151848E-5             
2173.3328                2.11719E-5               
2195.738                 1.819197E-5              
2218.1436                1.521204E-5              
2240.549                 2.1455793E-5             
2262.9546                1.927092E-5              
2285.36                  1.7086048E-5             
2307.7654                1.49012E-5               
2330.1711                1.2716314E-5             
2352.5767                1.0531455E-5             
2374.9822                8.346595E-6              
2397.3875                6.161735E-6              
2419.793                 3.976875E-6              
2442.1985                1.7920156E-6             
2464.6038                -3.9284404E-7            
2487.0095                -2.5777304E-6            
2509.415                 -4.76259E-6              
2531.8206                -6.94745E-6              
2554.2258                -9.132309E-6             
2576.6316                -1.13171955E-5           
2599.0369                -3.183863E-5             
2621.4424                -2.7085202E-5            
2643.848                 -2.233183E-5             
2666.2534                -9.41289E-6              
2688.659                 -1.0481247E-5            
2711.0642                -1.1549604E-5            
2733.47                  -1.2617974E-5            
2755.8755                -1.3686331E-5            
2778.281                 -1.4754688E-5            
2800.6863                -1.5823045E-5            
2823.0918                -1.6891401E-5            
2845.4976                -1.7959772E-5            
2867.9028                -1.8035462E-5            
2890.308                 -1.871228E-5             
2912.7139                -1.9389116E-5            
2935.1194                -2.0065941E-5            
2957.5247                -2.0742767E-5            
2979.9304                -2.1419602E-5            
3002.336                 -2.2096428E-5            
3024.741                 -2.2773247E-5            
3047.1467                -2.345008E-5             
3069.5522                -2.4126908E-5            
3091.9578                -2.4803734E-5            
3114.3633                -2.548057E-5             
3136.7686                -3.793136E-5             
3159.174                 -3.607103E-5             
3181.5798                -3.4210676E-5            
3203.985                 -3.235035E-5             
3226.3909                -3.0489993E-5            
3248.7964                -2.8629664E-5            
3271.2014                -2.6769354E-5            
3293.6072                -2.4909E-5               
3316.0127                -2.3048671E-5            
3338.4182                -2.118834E-5             
3360.8237                -1.165864E-5             
3383.229                 -1.1954102E-5            
3405.6345                -1.2249568E-5            
3428.04                  -1.2545038E-5            
3450.4456                -1.2840504E-5            
3472.851                 -1.3135969E-5            
3495.2568                -1.343144E-5             
3517.6619                -1.3726902E-5            
3540.0674                -1.4022367E-5            
3562.4731                -1.4317838E-5            
3584.8784                -1.4613303E-5            
3607.284                 -1.4908769E-5            
3629.6895                -1.5204236E-5            
3652.095                 -1.5499701E-5            
3674.5005                -1.579517E-5             
3696.906                 -1.6090637E-5            
3719.3115                -1.6386104E-5            
3741.7173                -1.6615319E-5            
3764.1223                -1.6925862E-5            
3786.5278                -1.723641E-5             
3808.9336                -1.7546963E-5            
3831.3389                -1.3917687E-5            
3853.7444                -1.4075767E-5            
3876.1501                -1.4233849E-5            
3898.5554                -1.2849352E-5            
3920.9607                -1.2942867E-5            
3943.3665                -1.3036382E-5            
3965.772                 -1.3129897E-5            
3988.177                 -1.322341E-5             
4010.5828                -1.3316926E-5            
4032.9883                -1.341044E-5             
4055.3938                -1.3503955E-5            
4077.7993                -1.3597471E-5            
4100.205                 -1.3690985E-5            
4122.6104                -1.3784501E-5            
4145.0156                -1.3878014E-5            
4167.4214                -1.39715285E-5           
4189.827                 -1.40650445E-5           
4212.2324                -1.4158559E-5            
4234.6377                -1.3021605E-5            
4257.0435                -1.2558066E-5            
4279.4487                -1.2094534E-5            
4301.854                 -1.1631002E-5            
4324.26                  -1.11674635E-5           
4346.6655                -1.0703931E-5            
4369.0703                -1.0240405E-5            
4391.476                 -9.776866E-6             
4413.882                 -9.313334E-6             
4436.287                 -8.849801E-6             
4458.693                 -7.8565145E-6            
4481.098                 -7.286074E-6             
4503.5034                -9.966305E-6             
4525.909                 -7.3459414E-6            
4548.3145                -7.3466713E-6            
4570.72                  -7.3474007E-6            
4593.1255                -7.3481306E-6            
4615.531                 -7.3488604E-6            
4637.937                 -7.34959E-6              
4660.3423                -7.3503197E-6            
4682.747                 -7.351049E-6             
4705.1533                -7.351779E-6             
4727.5586                -7.352509E-6             
4749.9644                -7.3532383E-6            
4772.3696                -7.353968E-6             
4794.775                 -7.354698E-6             
4817.1807                -7.3554274E-6            
4839.586                 -7.3561573E-6            
4861.991                 -7.356887E-6             
4884.397                 -7.3576166E-6            
4906.8027                -7.3583465E-6            
4929.2075                -7.359076E-6             
4951.614                 -7.3598057E-6            
4974.019                 -7.3605356E-6            
4996.425                 -7.361265E-6             
5018.83                  -6.8166164E-6            
5041.2354                -6.667908E-6             
5063.641                 -6.5192E-6               
5086.0464                -6.370491E-6             
5108.4517                -6.2217828E-6            
5130.8574                -6.0730745E-6            
5153.263                 -5.924362E-6             
5175.668                 -5.7756574E-6            
5198.0737                -5.6269487E-6            
5220.4795                -5.4782367E-6            
5242.885                 -5.3295284E-6            
5265.2905                -5.1808197E-6            
5287.696                 -5.0321114E-6            
5310.1016                -4.8834027E-6            
5332.507                 -4.7346944E-6            
5354.912                 -4.585986E-6             
5377.318                 -4.4372773E-6            
5399.7236                -4.2885654E-6            
5422.1284                -4.1398603E-6            
5444.534                 -3.991152E-6             
5466.94                  -3.84244E-6              
5489.345                 -3.6937315E-6            
5511.751                 -3.545023E-6             
5534.1562                -3.3963145E-6            
5556.562                 -3.2106266E-6            
5578.9673                -3.2452185E-6            
5601.3726                -3.2798105E-6            
5623.779                 -3.3144033E-6            
5646.1836                -3.3489944E-6            
5668.589                 -3.3835863E-6            
5690.995                 -3.4181792E-6            
5713.4                   -3.4527704E-6            
5735.8057                -3.4873633E-6            
5758.2114                -3.5219553E-6            
5780.616                 -3.5565463E-6            
5803.022                 -3.5911391E-6            
5825.4277                -3.625731E-6             
5847.833                 -3.660323E-6             
5870.239                 -3.6949152E-6            
5892.6445                -3.729508E-6             
5915.0493                -3.7640991E-6            
5937.455                 -3.798691E-6             
5959.861                 -3.833284E-6             
5982.2656                -3.867875E-6             
6004.672                 -3.902468E-6             
6027.077                 -3.2807636E-6            
6049.482                 -3.234742E-6             
6071.888                 -3.1887184E-6            
6094.2935                -3.142696E-6             
6116.699                 -3.0966735E-6            
6139.1045                -3.0506508E-6            
6161.51                  -3.0046283E-6            
6183.9155                -2.9586058E-6            
6206.321                 -2.912583E-6             
6228.7266                -2.8665595E-6            
6251.132                 -2.8205382E-6            
6273.537                 -2.7745155E-6            
6295.943                 -2.7284918E-6            
6318.348                 -2.6824705E-6            
6340.754                 -2.6364467E-6            
6363.1597                -2.5904242E-6            
6385.5645                -2.5444028E-6            
6407.97                  -2.4983792E-6            
6430.376                 -2.4523565E-6            
6452.7817                -2.406333E-6             
6475.1865                -2.3603116E-6            
6497.593                 -2.3142877E-6            
6519.998                 -2.2682652E-6            
6542.403                 -2.222244E-6             
6564.809                 -2.17622E-6              
6587.2144                -2.1301976E-6            
6609.6196                -2.084175E-6             
6632.0254                -2.0381524E-6            
6654.431                 -1.9921288E-6            
6676.8364                -1.9461074E-6            
6699.2417                -1.9000848E-6            
6721.6475                -1.8540611E-6            
6744.0527                -1.8080398E-6            
6766.458                 -1.7620172E-6            
6788.864                 -1.7159936E-6            
6811.269                 -1.6699721E-6            
6833.675                 -1.6239484E-6            
6856.08                  -1.5779259E-6            
6878.4854                -1.5319044E-6            
6900.891                 -1.4858807E-6            
6923.297                 -1.4398582E-6            
6945.702                 -1.3938356E-6            
6968.1074                -1.2944896E-6            
6990.5137                -1.2507988E-6            
7012.9185                -1.2071101E-6            
7035.3237                -1.1634204E-6            
7057.73                  -1.1197295E-6            
7080.135                 -1.0760409E-6            
7102.5405                -1.03235E-6              
7124.9463                -9.886603E-7             
7147.351                 -9.449716E-7             
7169.757                 -9.0128077E-7            
7192.1626                -1.2168376E-6            
7214.568                 -1.222253E-6             
7236.9736                -1.2276683E-6            
7259.379                 -1.2330837E-6            
7281.784                 -1.2384991E-6            
7304.19                  -1.2439144E-6            
7326.5957                -1.2493299E-6            
7349.001                 -1.2547454E-6            
7371.4062                -1.2601605E-6            
7393.812                 -1.2655761E-6            
7416.2173                -1.2709914E-6            
7438.623                 -1.2764068E-6            
7461.0283                -1.2818222E-6            
7483.4346                -1.2872376E-6            
7505.8394                -1.2926529E-6            
7528.2446                -1.2980682E-6            
7550.651                 -1.3034837E-6            
7573.0557                -1.308899E-6             
7595.4614                -1.3143144E-6            
7617.867                 -1.3197298E-6            
7640.272                 -1.325145E-6             
7662.6777                -1.3305606E-6            
7685.0835                -1.335976E-6             
7707.489                 -1.3413913E-6            
7729.8945                -9.3375843E-7            
7752.3003                -9.294796E-7             
7774.705                 -9.25201E-7              
7797.111                 -9.209223E-7             
7819.5166                -9.1664344E-7            
7841.9214                -8.370573E-7             
7864.327                 -8.333584E-7             
7886.733                 -8.296595E-7             
7909.1377                -8.259607E-7             
7931.544                 -8.222617E-7             
7953.949                 -8.185628E-7             
7976.354                 -8.1486405E-7            
7998.7603                -8.111651E-7             
8021.1655                -8.0746617E-7            
8043.5713                -8.037673E-7             
8065.9766                -8.0006845E-7            
8088.3823                -7.963695E-7             
8110.7876                -7.926707E-7             
8133.193                 -7.8897176E-7            
8155.5986                -7.8527285E-7            
8178.0044                -7.8157393E-7            
8200.41                  -7.778751E-7             
8222.815                 -7.7417616E-7            
8245.221                 -7.704772E-7             
8267.626                 -7.6677844E-7            
8290.031                 -7.630795E-7             
8312.4375                -7.5938055E-7            
8334.843                 -7.556818E-7             
8357.248                 -6.8958184E-7            
8379.654                 -6.8649354E-7            
8402.059                 -6.834053E-7             
8424.465                 -6.803169E-7             
8446.87                  -6.7722857E-7            
8469.275                 -6.741404E-7             
8491.681                 -6.7105196E-7            
8514.087                 -6.6796366E-7            
8536.492                 -6.6487536E-7            
8558.897                 -6.6178706E-7            
8581.304                 -6.5869864E-7            
8603.708                 -6.556104E-7             
8626.113                 -6.525221E-7             
8648.52                  -6.4943373E-7            
8670.925                 -6.463455E-7             
8693.331                 -6.432571E-7             
8715.736                 -6.2413955E-7            
8738.141                 -6.17062E-7              
8760.547                 -6.099899E-7             
8782.952                 -6.029237E-7             
8805.357                 -5.9586336E-7            
8827.764                 -5.8880875E-7            
8850.169                 -5.8175976E-7            
8872.574                 -5.7471686E-7            
8894.9795                -5.6767954E-7            
8917.386                 -5.6064783E-7            
8939.79                  -5.536222E-7             
8962.196                 -5.4660217E-7            
8984.602                 -5.395877E-7             
9007.007                 -5.325793E-7             
9029.413                 -5.2557624E-7            
9051.818                 -5.1857916E-7            
9074.225                 -5.115876E-7             
9096.629                 -5.0460204E-7            
9119.034                 -4.9762207E-7            
9141.44                  -4.9064766E-7            
9163.846                 -4.8367923E-7            
9186.251                 -4.831298E-7             
9208.657                 -4.74812E-7              
9231.062                 -4.6650575E-7            
9253.467                 -4.5820977E-7            
9275.874                 -4.4992404E-7            
9298.278                 -4.4164975E-7            
9320.685                 -4.3338528E-7            
9343.09                  -4.2513182E-7            
9365.494                 -4.1688932E-7            
9387.901                 -4.086566E-7             
9410.307                 -4.004348E-7             
9432.712                 -3.9222354E-7            
9455.117                 -3.8402277E-7            
9477.522                 -3.7583246E-7            
9499.929                 -3.6765263E-7            
9522.334                 -3.5948324E-7            
9544.739                 -3.5132427E-7            
9567.145                 -3.431757E-7             
9589.55                  -3.3503753E-7            
9611.955                 -3.269097E-7             
9634.361                 -3.1879225E-7            
9656.767                 -3.106851E-7             
9679.172                 -3.0258823E-7            
9701.577                 -2.945017E-7             
9723.982                 -2.864254E-7             
9746.388                 -2.7835935E-7            
9768.794                 -2.7030356E-7            
9791.199                 -2.6225794E-7            
9813.605                 -2.5422216E-7            
9836.01                  -2.4619732E-7            
9858.415                 -2.3818224E-7            
9880.822                 -2.301769E-7             
9903.228                 -2.2218207E-7            
9925.633                 -2.1419734E-7            
9948.038                 -2.062227E-7             
9970.443                 -1.982581E-7             
9992.85                  -1.9030357E-7            
10015.255                -2.878998E-7             
10037.66                 -2.861593E-7             
10060.065                -2.8442E-7               
10082.471                -2.8268184E-7            
10104.876                -2.809449E-7             
10127.282                -2.792091E-7             
10149.6875               -2.774745E-7             
10172.093                -2.757411E-7             
10194.498                -2.740088E-7             
10216.903                -2.722777E-7             
10239.309                -2.705478E-7             
10261.715                -2.68819E-7              
10284.12                 -2.670914E-7             
10306.526                -2.6536486E-7            
10328.931                -2.6363963E-7            
10351.336                -2.619155E-7             
10373.743                -2.6019242E-7            
10396.147                -2.5847064E-7            
10418.554                -2.5674987E-7            
10440.959                -2.550303E-7             
10463.363                -2.5331195E-7            
10485.77                 -2.515946E-7             
10508.176                -2.4987847E-7            
10530.581                -2.4816345E-7            
10552.986                -2.1831046E-7            
10575.392                -2.168087E-7             
10597.797                -2.1530914E-7            
10620.203                -2.1381176E-7            
10642.608                -2.1231658E-7            
10665.014                -2.1082357E-7            
10687.419                -2.0933274E-7            
10709.824                -2.078441E-7             
10732.2295               -2.0635761E-7            
10754.636                -2.048733E-7             
10777.041                -2.0339117E-7            
10799.447                -2.019111E-7             
10821.852                -2.0043336E-7            
10844.257                -1.989577E-7             
10866.664                -1.974841E-7             
10889.068                -1.960128E-7             
10911.475                -1.9454352E-7            
10933.88                 -1.9154379E-7            
10956.284                -1.9040941E-7            
10978.69                 -1.8927491E-7            
11001.097                -1.8814048E-7            
11023.502                -1.8700604E-7            
11045.907                -1.858716E-7             
11068.3125               -1.8473716E-7            
11090.718                -1.8360272E-7            
11113.124                -1.8246828E-7            
11135.529                -1.8133386E-7            
11157.935                -1.8019942E-7            
11180.34                 -1.7906498E-7            
