% x                      y                        z                        
-30000.0                 -5.2173064E-8            
-29698.492               -5.4003053E-8            
-29396.984               -5.5833038E-8            
-29095.477               -5.7663026E-8            
-28793.97                -5.9493E-8               
-28492.463               -6.1322986E-8            
-28190.955               -6.3152974E-8            
-27889.447               -6.498296E-8             
-27587.94                -6.6812945E-8            
-27286.432               -6.864293E-8             
-26984.924               -7.047292E-8             
-26683.418               -7.2302896E-8            
-26381.91                -7.413288E-8             
-26080.402               -7.5962866E-8            
-25778.895               -7.7792855E-8            
-25477.387               -7.962284E-8             
-25175.879               -8.1452825E-8            
-24874.371               -8.328281E-8             
-24572.863               -8.51128E-8              
-24271.357               -8.694278E-8             
-23969.85                -8.8772765E-8            
-23668.342               -9.060275E-8             
-23366.834               -9.2432735E-8            
-23065.326               -9.4262724E-8            
-22763.818               -9.609271E-8             
-22462.312               -9.792269E-8             
-22160.805               -9.975267E-8             
-21859.297               -1.0158266E-7            
-21557.79                -1.03412646E-7           
-21256.281               -1.0524263E-7            
-20954.773               -1.1030478E-7            
-20653.266               -1.0483446E-7            
-20351.758               -9.936414E-8             
-20050.25                -9.389382E-8             
-19748.744               -8.8423526E-8            
-19447.234               -8.295317E-8             
-19145.729               -7.748289E-8             
-18844.223               -7.20126E-8              
-18542.715               -6.654228E-8             
-18241.207               -6.107195E-8             
-17939.7                 -5.560163E-8             
-17638.191               -5.013131E-8             
-17336.684               -4.4660986E-8            
-17035.176               -3.9190663E-8            
-16733.668               -3.3720344E-8            
-16432.16                -2.825002E-8             
-16130.653               -2.2779716E-8            
-15829.1455              -1.7309393E-8            
-15527.638               -1.1839071E-8            
-15226.131               -6.3687664E-9            
-14924.623               -8.984443E-10            
-14623.115               4.571878E-9              
-14321.608               1.0042182E-8             
-14020.1                 2.5126693E-7             
-13718.593               3.018197E-7              
-13417.086               3.5237247E-7             
-13115.578               4.030441E-7              
-12814.07                4.4779568E-7             
-12512.5625              4.966896E-7              
-12211.055               5.5023133E-7             
-11909.549               6.0901334E-7             
-11608.041               6.737374E-7              
-11306.531               7.452387E-7              
-11005.025               8.245199E-7              
-10703.518               9.128014E-7              
-10402.01                1.330589E-6              
-10100.502               1.657589E-6              
-9798.994                2.0063674E-6             
-9497.488                2.3790894E-6             
-9195.98                 2.7782366E-6             
-8894.471                3.2066525E-6             
-8592.965                3.6676108E-6             
-8291.457                4.1649328E-6             
-7989.949                4.703073E-6              
-7688.4434               5.5043174E-6             
-7386.9336               6.3516577E-6             
-7085.4277               7.198987E-6              
-6783.92                 8.851318E-6              
-6482.412                1.0075246E-5             
-6180.9043               1.1299174E-5             
-5879.3965               1.2523101E-5             
-5577.8906               1.5642338E-5             
-5276.383                1.9245312E-5             
-4974.873                2.2848311E-5             
-4673.367                2.6451262E-5             
-4371.8594               3.0054236E-5             
-4070.3516               4.3046977E-5             
-3768.8438               4.6562254E-5             
-3467.336                5.007753E-5              
-3165.83                 5.3592787E-5             
-2864.3223               6.8406734E-5             
-2562.8145               7.634749E-5              
-2261.3066               8.9106834E-5             
-1959.7988               9.345473E-5              
-1658.291                1.04508756E-4            
-1356.7852               9.705393E-5              
-1055.2754               9.718015E-5              
-753.76953               9.8405064E-5             
-452.26172               7.795393E-5              
-150.7539                2.6815138E-5             
150.7539                 -5.0308136E-5            
452.25977                -1.579968E-4             
753.76953                -2.9191445E-4            
1055.2773                -3.3785612E-4            
1356.7832                -3.6703076E-4            
1658.291                 -3.5047162E-4            
1959.8008                -3.1370172E-4            
2261.3066                -2.5574045E-4            
2562.8145                -2.1268768E-4            
2864.3203                -1.6202922E-4            
3165.8281                -1.3287051E-4            
3467.3398                -1.1445772E-4            
3768.8438                -9.60454E-5              
4070.3516                -7.763284E-5             
4371.8594                -6.117723E-5             
4673.367                 -5.0951323E-5            
4974.875                 -4.072542E-5             
5276.379                 -3.0499648E-5            
5577.8906                -2.7197362E-5            
5879.3984                -2.3566558E-5            
6180.9023                -1.99358E-5              
6482.414                 -1.6304948E-5            
6783.918                 -1.2901201E-5            
7085.426                 -1.0083158E-5            
7386.9375                -8.224557E-6             
7688.4414                -7.528424E-6             
7989.949                 -6.7064743E-6            
8291.457                 -5.988797E-6             
8592.965                 -5.3118E-6               
8894.473                 -4.6713103E-6            
9195.98                  -4.0637397E-6            
9497.488                 -3.4859847E-6            
9798.996                 -2.9353453E-6            
10100.5                  -2.4094645E-6            
10402.012                -1.9062445E-6            
10703.516                -1.2866849E-6            
11005.023                -1.1603053E-6            
11306.535                -1.0456412E-6            
11608.039                -9.411355E-7             
11909.547                -8.454963E-7             
12211.059                -7.5765087E-7            
12512.5625               -6.767008E-7             
12814.07                 -6.0187864E-7            
13115.578                -5.3253325E-7            
13417.086                -4.5830143E-7            
13718.594                -3.8439052E-7            
14020.102                -3.1047963E-7            
14321.609                8.373532E-8              
14623.113                9.003462E-8              
14924.621                9.6334E-8                
15226.133                1.0263346E-7             
15527.637                1.0893275E-7             
15829.145                1.1523213E-7             
16130.656                1.2153158E-7             
16432.16                 1.2783089E-7             
16733.668                1.3413026E-7             
17035.176                1.4042965E-7             
17336.684                1.4672902E-7             
17638.191                1.530284E-7              
17939.7                  1.5932778E-7             
18241.207                1.6562716E-7             
18542.715                1.7192653E-7             
18844.219                1.7822583E-7             
19145.73                 1.8452529E-7             
19447.234                1.908246E-7              
19748.742                1.9712397E-7             
20050.254                2.0342343E-7             
20351.758                2.0972273E-7             
20653.266                5.979841E-7              
20954.773                6.423591E-7              
21256.281                1.3768745E-7             
21557.79                 1.4146404E-7             
21859.297                1.3925387E-7             
22160.805                1.3704371E-7             
22462.312                1.3483356E-7             
22763.82                 1.3262338E-7             
23065.328                1.3041323E-7             
23366.832                1.282031E-7              
23668.34                 1.2599294E-7             
23969.852                1.2378274E-7             
24271.355                1.2157261E-7             
24572.863                1.1936245E-7             
24874.371                1.1715229E-7             
25175.879                1.14942125E-7            
25477.387                1.1273196E-7             
25778.895                1.105218E-7              
26080.402                1.0831164E-7             
26381.91                 1.0610148E-7             
26683.418                1.0389132E-7             
26984.926                1.0168115E-7             
27286.43                 9.947102E-8              
27587.941                9.726083E-8              
27889.45                 9.505067E-8              
28190.953                9.284054E-8              
28492.46                 9.063037E-8              
28793.973                8.842019E-8              
29095.477                8.621005E-8              
29396.984                8.399989E-8              
29698.492                8.178973E-8              
30000.0                  7.957957E-8              
