% x                      y                        z                        
-30000.0                 -0.0043295296            
-29698.492               -0.004417043             
-29396.984               -0.004512896             
-29095.477               -0.004617087             
-28793.97                -0.004729616             
-28492.463               -0.0048504844            
-28190.955               -0.0049796915            
-27889.447               -0.0051172376            
-27587.94                -0.0052631223            
-27286.432               -0.005417345             
-26984.924               -0.0055799074            
-26683.418               -0.0057508065            
-26381.91                -0.005930046             
-26080.402               -0.0061176238            
-25778.895               -0.0063135405            
-25477.387               -0.006517796             
-25175.879               -0.00673039              
-24874.371               -0.0069513223            
-24572.863               -0.007180594             
-24271.357               -0.0074182022            
-23969.85                -0.007664151             
-23668.342               -0.007918438             
-23366.834               -0.008181064             
-23065.326               -0.008452029             
-22763.818               -0.008731333             
-22462.312               -0.0090189725            
-22160.805               -0.009314953             
-21859.297               -0.009619273             
-21557.79                -0.009931931             
-21256.281               -0.010252928             
-20954.773               -0.01055338              
-20653.266               -0.010881874             
-20351.758               -0.011245189             
-20050.25                -0.011643328             
-19748.744               -0.012076285             
-19447.234               -0.01254407              
-19145.729               -0.013046672             
-18844.223               -0.013584095             
-18542.715               -0.014156343             
-18241.207               -0.014763415             
-17939.7                 -0.0154053075            
-17638.191               -0.016082022             
-17336.684               -0.01679356              
-17035.176               -0.01753992              
-16733.668               -0.018321102             
-16432.16                -0.019137107             
-16130.653               -0.019987931             
-15829.1455              -0.02087358              
-15527.638               -0.021794051             
-15226.131               -0.02274934              
-14924.623               -0.023739455             
-14623.115               -0.024764393             
-14321.608               -0.025824148             
-14020.1                 -0.027136633             
-13718.593               -0.028679753             
-13417.086               -0.030324602             
-13115.578               -0.03207088              
-12814.07                -0.033852555             
-12512.5625              -0.03570579              
-12211.055               -0.037635427             
-11909.549               -0.039646875             
-11608.041               -0.041746248             
-11306.531               -0.043940436             
-11005.025               -0.04623723              
-10703.518               -0.04864565              
-10402.01                -0.051287055             
-10100.502               -0.054270666             
-9798.994                -0.057590727             
-9497.488                -0.06126631              
-9195.98                 -0.065318435             
-8894.471                -0.06977022              
-8592.965                -0.07464715              
-8291.457                -0.07997777              
-7989.949                -0.0857938               
-7688.4434               -0.09215475              
-7386.9336               -0.09889488              
-7085.4277               -0.10583113              
-6783.92                 -0.113432355             
-6482.412                -0.12227373              
-6180.9043               -0.13202244              
-5879.3965               -0.14267848              
-5577.8906               -0.1545218               
-5276.383                -0.16757652              
-4974.873                -0.18180723              
-4673.367                -0.19721363              
-4371.8594               -0.21379602              
-4070.3516               -0.23385626              
-3768.8438               -0.2547061               
-3467.336                -0.27553496              
-3165.83                 -0.29634267              
-2864.3223               -0.317049                
-2562.8145               -0.33561373              
-2261.3066               -0.35122046              
-1959.7988               -0.36265773              
-1658.291                -0.36072156              
-1356.7852               -0.345493                
-1055.2754               -0.31057027              
-753.76953               -0.2500489               
-452.26172               -0.15585823              
-150.7539                -0.023619149             
150.7539                 0.13439114               
452.25977                0.30584863               
753.76953                0.45641217               
1055.2773                0.55864674               
1356.7832                0.6221299                
1658.291                 0.6369858                
1959.8008                0.6245288                
2261.3066                0.5931724                
2562.8145                0.55259246               
2864.3203                0.5054485                
3165.8281                0.45946318               
3467.3398                0.42043042               
3768.8438                0.38300386               
4070.3516                0.347182                 
4371.8594                0.3129416                
4673.367                 0.28206274               
4974.875                 0.25551447               
5276.379                 0.23329704               
5577.8906                0.2145693                
5879.3984                0.19702354               
6180.9023                0.1805277                
6482.414                 0.16508117               
6783.918                 0.151047                 
7085.426                 0.1398258                
7386.9375                0.129554                 
7688.4414                0.11956701               
7989.949                 0.111065954              
8291.457                 0.10346821               
8592.965                 0.09644688               
8894.473                 0.0899644                
9195.98                  0.083987124              
9497.488                 0.07848478               
9798.996                 0.07342998               
10100.5                  0.06879795               
10402.012                0.064565904              
10703.516                0.060834963              
11005.023                0.05761239               
11306.535                0.054568987              
11608.039                0.051690478              
11909.547                0.048964184              
12211.059                0.04637907               
12512.5625               0.04392546               
12814.07                 0.041594565              
13115.578                0.039378643              
13417.086                0.037255798              
13718.594                0.03527142               
14020.102                0.033428214              
14321.609                0.03185977               
14623.113                0.03052086               
14924.621                0.029225806              
15226.133                0.027974607              
15527.637                0.026767313              
15829.145                0.025603877              
16130.656                0.024484301              
16432.16                 0.023408627              
16733.668                0.02237681               
17035.176                0.021388868              
17336.684                0.020444797              
17638.191                0.019544601              
17939.7                  0.018688278              
18241.207                0.017875828              
18542.715                0.01710725               
18844.219                0.016382556              
19145.73                 0.015701717              
19447.234                0.015064768              
19748.742                0.014471683              
20050.254                0.013922464              
20351.758                0.013417133              
20653.266                0.012969594              
20954.773                0.012575455              
21256.281                0.012185568              
21557.79                 0.011796813              
21859.297                0.01141491               
22160.805                0.011043375              
22462.312                0.010682208              
22763.82                 0.01033141               
23065.328                0.009990979              
23366.832                0.009660921              
23668.34                 0.009341226              
23969.852                0.009031896              
24271.355                0.008732942              
24572.863                0.008444351              
24874.371                0.00816613               
25175.879                0.007898276              
25477.387                0.00764079               
25778.895                0.0073936726             
26080.402                0.007156923              
26381.91                 0.0069305417             
26683.418                0.0067145284             
26984.926                0.0065088836             
27286.43                 0.006313609              
27587.941                0.0061286977             
27889.45                 0.005954157              
28190.953                0.005789987              
28492.46                 0.005636182              
28793.973                0.005492744              
29095.477                0.0053596776             
29396.984                0.0052369772             
29698.492                0.0051246453             
30000.0                  0.0050226813             
