% x                      y                        z                        
-30000.0                 -0.0038278857            
-29698.492               -0.0039059268            
-29396.984               -0.003992893             
-29095.477               -0.004088783             
-28793.97                -0.0041935975            
-28492.463               -0.0043073366            
-28190.955               -0.0044300007            
-27889.447               -0.0045615896            
-27587.94                -0.0047021024            
-27286.432               -0.00485154              
-26984.924               -0.0050099026            
-26683.418               -0.005177188             
-26381.91                -0.0053533996            
-26080.402               -0.0055385353            
-25778.895               -0.005732596             
-25477.387               -0.005935581             
-25175.879               -0.0061474903            
-24874.371               -0.0063683246            
-24572.863               -0.0065980833            
-24271.357               -0.006836765             
-23969.85                -0.007084373             
-23668.342               -0.0073409053            
-23366.834               -0.0076063625            
-23065.326               -0.007880744             
-22763.818               -0.00816405              
-22462.312               -0.008456279             
-22160.805               -0.008757434             
-21859.297               -0.009067513             
-21557.79                -0.009386518             
-21256.281               -0.009714446             
-20954.773               -0.009980317             
-20653.266               -0.010274557             
-20351.758               -0.010611474             
-20050.25                -0.010991066             
-19748.744               -0.011413332             
-19447.234               -0.01187828              
-19145.729               -0.012385898             
-18844.223               -0.012936192             
-18542.715               -0.013529165             
-18241.207               -0.014164815             
-17939.7                 -0.014843141             
-17638.191               -0.015564143             
-17336.684               -0.01632782              
-17035.176               -0.017134177             
-16733.668               -0.017983207             
-16432.16                -0.018874915             
-16130.653               -0.019809294             
-15829.1455              -0.020786354             
-15527.638               -0.021806091             
-15226.131               -0.0228685               
-14924.623               -0.023973588             
-14623.115               -0.025121354             
-14321.608               -0.02631179              
-14020.1                 -0.027701534             
-13718.593               -0.029216876             
-13417.086               -0.030750936             
-13115.578               -0.032304946             
-12814.07                -0.034125995             
-12512.5625              -0.03606609              
-12211.055               -0.038133293             
-11909.549               -0.0403366               
-11608.041               -0.04268618              
-11306.531               -0.045193482             
-11005.025               -0.047871497             
-10703.518               -0.050735205             
-10402.01                -0.054014005             
-10100.502               -0.057660595             
-9798.994                -0.061598793             
-9497.488                -0.065845124             
-9195.98                 -0.07041782              
-8894.471                -0.07533692              
-8592.965                -0.0806245               
-8291.457                -0.0863053               
-7989.949                -0.09240681              
-7688.4434               -0.099370524             
-7386.9336               -0.10830791              
-7085.4277               -0.118469186             
-6783.92                 -0.12944487              
-6482.412                -0.14083154              
-6180.9043               -0.15295558              
-5879.3965               -0.16581698              
-5577.8906               -0.18155864              
-5276.383                -0.20026004              
-4974.873                -0.22164                 
-4673.367                -0.24569808              
-4371.8594               -0.27243468              
-4070.3516               -0.30386314              
-3768.8438               -0.34006214              
-3467.336                -0.38079292              
-3165.83                 -0.4260551               
-2864.3223               -0.48061636              
-2562.8145               -0.535127                
-2261.3066               -0.59097594              
-1959.7988               -0.6513909               
-1658.291                -0.69316995              
-1356.7852               -0.71155465              
-1055.2754               -0.6704438               
-753.76953               -0.5663356               
-452.26172               -0.38354516              
-150.7539                -0.13401285              
150.7539                 0.12723272               
452.25977                0.37824965               
753.76953                0.55909884               
1055.2773                0.66597754               
1356.7832                0.70421195               
1658.291                 0.68771386               
1959.8008                0.64704853               
2261.3066                0.58910096               
2562.8145                0.5280656                
2864.3203                0.46958822               
3165.8281                0.42254248               
3467.3398                0.37764633               
3768.8438                0.33699512               
4070.3516                0.30058718               
4371.8594                0.2690966                
4673.367                 0.24288966               
4974.875                 0.21929589               
5276.379                 0.19831558               
5577.8906                0.18041727               
5879.3984                0.16449793               
6180.9023                0.15026009               
6482.414                 0.13770324               
6783.918                 0.12656473               
7085.426                 0.11561789               
7386.9375                0.10712689               
7688.4414                0.100089155              
7989.949                 0.09285009               
8291.457                 0.08603983               
8592.965                 0.07981689               
8894.473                 0.07414297               
9195.98                  0.068983756              
9497.488                 0.064308375              
9798.996                 0.060088914              
10100.5                  0.05630009               
10402.012                0.0529187                
10703.516                0.049881876              
11005.023                0.04701701               
11306.535                0.044340584              
11608.039                0.041837547              
11909.547                0.03949457               
12211.059                0.03730003               
12512.5625               0.035243735              
12814.07                 0.03331644               
13115.578                0.031510003              
13417.086                0.030014826              
13718.594                0.028563034              
14020.102                0.027134048              
14321.609                0.025835518              
14623.113                0.024699494              
14924.621                0.023601934              
15226.133                0.022542842              
15527.637                0.021522256              
15829.145                0.020540135              
16130.656                0.019596482              
16432.16                 0.018691333              
16733.668                0.01782465               
17035.176                0.016996449              
17336.684                0.016206726              
17638.191                0.0154554825             
17939.7                  0.014742719              
18241.207                0.014068435              
18542.715                0.013432631              
18844.219                0.0128353145             
19145.73                 0.012276461              
19447.234                0.011756103              
19748.742                0.011274217              
20050.254                0.010830804              
20351.758                0.010425882              
20653.266                0.010071896              
20954.773                0.009764908              
21256.281                0.009459149              
21557.79                 0.009138226              
21859.297                0.008832191              
22160.805                0.008534655              
22462.312                0.008245616              
22763.82                 0.007965075              
23065.328                0.0076930313             
23366.832                0.007429489              
23668.34                 0.0071744407             
23969.852                0.0069278865             
24271.355                0.0066898367             
24572.863                0.006460281              
24874.371                0.0062392233             
25175.879                0.006026663              
25477.387                0.0058226003             
25778.895                0.0056270356             
26080.402                0.0054399683             
26381.91                 0.0052613984             
26683.418                0.0050913263             
26984.926                0.004929752              
27286.43                 0.004776677              
27587.941                0.0046320963             
27889.45                 0.0044960147             
28190.953                0.0043684323             
28492.46                 0.004249346              
28793.973                0.004138756              
29095.477                0.0040366664             
29396.984                0.0039430726             
29698.492                0.003857977              
30000.0                  0.0037813787             
