% x                      y                        z                        
-30000.0                 -0.0031957554            
-29698.492               -0.0032471558            
-29396.984               -0.0033053565            
-29095.477               -0.003370358             
-28793.97                -0.0034421592            
-28492.463               -0.0035207616            
-28190.955               -0.0036061644            
-27889.447               -0.0036983679            
-27587.94                -0.0037973716            
-27286.432               -0.0039031762            
-26984.924               -0.004015781             
-26683.418               -0.004135186             
-26381.91                -0.0042613917            
-26080.402               -0.0043943985            
-25778.895               -0.0045342054            
-25477.387               -0.004680813             
-25175.879               -0.004834221             
-24874.371               -0.0049944296            
-24572.863               -0.005161439             
-24271.357               -0.0053352476            
-23969.85                -0.0055158576            
-23668.342               -0.0057032686            
-23366.834               -0.0058974796            
-23065.326               -0.0060984916            
-22763.818               -0.0063063037            
-22462.312               -0.0065209153            
-22160.805               -0.006742329             
-21859.297               -0.0069705425            
-21557.79                -0.007205557             
-21256.281               -0.0074473717            
-20954.773               -0.0076362034            
-20653.266               -0.007845114             
-20351.758               -0.008083569             
-20050.25                -0.008351568             
-19748.744               -0.008649111             
-19447.234               -0.008976202             
-19145.729               -0.009332834             
-18844.223               -0.0097190095            
-18542.715               -0.010134732             
-18241.207               -0.01058                 
-17939.7                 -0.011054812             
-17638.191               -0.011559169             
-17336.684               -0.012093071             
-17035.176               -0.012656517             
-16733.668               -0.013249508             
-16432.16                -0.013872044             
-16130.653               -0.014524122             
-15829.1455              -0.015205747             
-15527.638               -0.015916917             
-15226.131               -0.01665763              
-14924.623               -0.017427888             
-14623.115               -0.018227693             
-14321.608               -0.019057037             
-14020.1                 -0.020110399             
-13718.593               -0.02134881              
-13417.086               -0.022649013             
-13115.578               -0.024010189             
-12814.07                -0.02538704              
-12512.5625              -0.026821405             
-12211.055               -0.02831718              
-11909.549               -0.029878708             
-11608.041               -0.03151091              
-11306.531               -0.03321931              
-11005.025               -0.035010185             
-10703.518               -0.036890775             
-10402.01                -0.039015193             
-10100.502               -0.041488484             
-9798.994                -0.044290975             
-9497.488                -0.04744133              
-9195.98                 -0.0509601               
-8894.471                -0.05486992              
-8592.965                -0.05919574              
-8291.457                -0.06396546              
-7989.949                -0.06921012              
-7688.4434               -0.07510176              
-7386.9336               -0.08167563              
-7085.4277               -0.08848665              
-6783.92                 -0.096269205             
-6482.412                -0.10570799              
-6180.9043               -0.116204426             
-5879.3965               -0.12775852              
-5577.8906               -0.14142519              
-5276.383                -0.1569375               
-4974.873                -0.17412795              
-4673.367                -0.19299619              
-4371.8594               -0.21354258              
-4070.3516               -0.24230365              
-3768.8438               -0.27575737              
-3467.336                -0.3120713               
-3165.83                 -0.3512452               
-2864.3223               -0.39658442              
-2562.8145               -0.44495612              
-2261.3066               -0.4942371               
-1959.7988               -0.5461224               
-1658.291                -0.5827066               
-1356.7852               -0.5977757               
-1055.2754               -0.5625662               
-753.76953               -0.46834144              
-452.26172               -0.30460498              
-150.7539                -0.08583423              
150.7539                 0.14839336               
452.25977                0.37011167               
753.76953                0.5336205                
1055.2773                0.62549835               
1356.7832                0.66018224               
1658.291                 0.64331925               
1959.8008                0.6010992                
2261.3066                0.55069345               
2562.8145                0.4982265                
2864.3203                0.44343284               
3165.8281                0.39379326               
3467.3398                0.35237953               
3768.8438                0.314983                 
4070.3516                0.28160217               
4371.8594                0.25192606               
4673.367                 0.22517544               
4974.875                 0.20269081               
5276.379                 0.18447238               
5577.8906                0.1694411                
5879.3984                0.15533553               
6180.9023                0.14209485               
6482.414                 0.12971854               
6783.918                 0.11838078               
7085.426                 0.10876855               
7386.9375                0.10063395               
7688.4414                0.0931618                
7989.949                 0.08654115               
8291.457                 0.08058133               
8592.965                 0.07510066               
8894.473                 0.07006792               
9195.98                  0.06545514               
9497.488                 0.061237127              
9798.996                 0.05739113               
10100.5                  0.053896543              
10402.012                0.050734427              
10703.516                0.047970112              
11005.023                0.045558643              
11306.535                0.043258715              
11608.039                0.041067798              
11909.547                0.038983297              
12211.059                0.037002794              
12512.5625               0.035124045              
12814.07                 0.033344727              
13115.578                0.031662706              
13417.086                0.030075904              
13718.594                0.028582307              
14020.102                0.02721943               
14321.609                0.025941128              
14623.113                0.024712786              
14924.621                0.023534372              
15226.133                0.022405889              
15527.637                0.021327378              
15829.145                0.020298798              
16130.656                0.019322682              
16432.16                 0.018591618              
16733.668                0.017884398              
17035.176                0.017201036              
17336.684                0.016541531              
17638.191                0.015905883              
17939.7                  0.015294092              
18241.207                0.014706156              
18542.715                0.014142078              
18844.219                0.013601864              
19145.73                 0.013085492              
19447.234                0.01259299               
19748.742                0.012124338              
20050.254                0.0116795385             
20351.758                0.011258606              
20653.266                0.010861524              
20954.773                0.0104883                
21256.281                0.010125989              
21557.79                 0.009806376              
21859.297                0.009494798              
22160.805                0.009191741              
22462.312                0.008897204              
22763.82                 0.008611187              
23065.328                0.008333691              
23366.832                0.008064719              
23668.34                 0.007804263              
23969.852                0.0075523243             
24271.355                0.0073089125             
24572.863                0.0070740175             
24874.371                0.006847643              
25175.879                0.006629789              
25477.387                0.006420455              
25778.895                0.0062196413             
26080.402                0.006027348              
26381.91                 0.005843575              
26683.418                0.005668322              
26984.926                0.0055015897             
27286.43                 0.00534338               
27587.941                0.005193686              
27889.45                 0.005052515              
28190.953                0.0049198656             
28492.46                 0.004795735              
28793.973                0.0046801227             
29095.477                0.0045730337             
29396.984                0.004474464              
29698.492                0.0043844143             
30000.0                  0.004302885              
