% x                      y                        z                        
-30000.0                 1.1493235E-5             
-29698.492               -2.4276716E-5            
-29396.984               -6.0666323E-5            
-29095.477               -9.7675584E-5            
-28793.97                -1.3530426E-4            
-28492.463               -1.7355282E-4            
-28190.955               -2.1242104E-4            
-27889.447               -2.5190893E-4            
-27587.94                -2.9201646E-4            
-27286.432               -3.3274366E-4            
-26984.924               -3.740905E-4             
-26683.418               -4.1605672E-4            
-26381.91                -4.5864287E-4            
-26080.402               -5.018487E-4             
-25778.895               -5.456742E-4             
-25477.387               -5.901193E-4             
-25175.879               -6.3518406E-4            
-24874.371               -6.8086846E-4            
-24572.863               -7.2717253E-4            
-24271.357               -7.74096E-4              
-23969.85                -8.216394E-4             
-23668.342               -8.6980243E-4            
-23366.834               -9.185851E-4             
-23065.326               -9.6798746E-4            
-22763.818               -0.0010180095            
-22462.312               -0.0010686509            
-22160.805               -0.0011199121            
-21859.297               -0.0011717931            
-21557.79                -0.0012242937            
-21256.281               -0.001277414             
-20954.773               -0.001423965             
-20653.266               -0.0015738156            
-20351.758               -0.0017135044            
-20050.25                -0.0018430314            
-19748.744               -0.0019623956            
-19447.234               -0.0020715995            
-19145.729               -0.00217064              
-18844.223               -0.002259519             
-18542.715               -0.0023382364            
-18241.207               -0.002406792             
-17939.7                 -0.0024651857            
-17638.191               -0.0025134175            
-17336.684               -0.0025514874            
-17035.176               -0.0025793954            
-16733.668               -0.0025971415            
-16432.16                -0.0026047258            
-16130.653               -0.002602148             
-15829.1455              -0.0025894085            
-15527.638               -0.002566507             
-15226.131               -0.002533444             
-14924.623               -0.0024902187            
-14623.115               -0.0024368316            
-14321.608               -0.0023732828            
-14020.1                 -0.0022582775            
-13718.593               -0.0020816438            
-13417.086               -0.0018649435            
-13115.578               -0.0016084682            
-12814.07                -0.0013289632            
-12512.5625              -0.0010112693            
-12211.055               -6.52801E-4              
-11909.549               -2.5066955E-4            
-11608.041               1.9838045E-4             
-11306.531               6.980245E-4              
-11005.025               0.0012524334             
-10703.518               0.0018664079             
-10402.01                0.0025964915             
-10100.502               0.003545704              
-9798.994                0.0047249626             
-9497.488                0.006147313              
-9195.98                 0.007827111              
-8894.471                0.009780168              
-8592.965                0.012023935              
-8291.457                0.014577895              
-7989.949                0.017463747              
-7688.4434               0.020938324              
-7386.9336               0.025534768              
-7085.4277               0.03077305               
-6783.92                 0.036718756              
-6482.412                0.04370717               
-6180.9043               0.051782724              
-5879.3965               0.060945418              
-5577.8906               0.07238252               
-5276.383                0.08735137               
-4974.873                0.10581138               
-4673.367                0.12776215               
-4371.8594               0.1532041                
-4070.3516               0.18634482               
-3768.8438               0.23199657               
-3467.336                0.2896837                
-3165.83                 0.35940573               
-2864.3223               0.45079696               
-2562.8145               0.5745423                
-2261.3066               0.7291353                
-1959.7988               0.92619485               
-1658.291                1.1764464                
-1356.7852               1.4854053                
-1055.2754               1.8242985                
-753.76953               2.1715453                
-452.26172               2.4697394                
-150.7539                2.6403515                
150.7539                 2.653883                 
452.25977                2.4755764                
753.76953                2.1807773                
1055.2773                1.8430113                
1356.7832                1.5013773                
1658.291                 1.1930513                
1959.8008                0.9428912                
2261.3066                0.7418821                
2562.8145                0.5814653                
2864.3203                0.45649529               
3165.8281                0.3677964                
3467.3398                0.29398867               
3768.8438                0.23471776               
4070.3516                0.18998104               
4371.8594                0.15827405               
4673.367                 0.13028081               
4974.875                 0.10742995               
5276.379                 0.08972167               
5577.8906                0.07562059               
5879.3984                0.06310674               
6180.9023                0.052279443              
6482.414                 0.043138314              
6783.918                 0.03572233               
7085.426                 0.029901547              
7386.9375                0.025547877              
7688.4414                0.021806022              
7989.949                 0.018331595              
8291.457                 0.015210995              
8592.965                 0.0124546215             
8894.473                 0.0100387335             
9195.98                  0.007942061              
9497.488                 0.0061454605             
9798.996                 0.004631631              
10100.5                  0.0033848856             
10402.012                0.0023908822             
10703.516                0.0016403642             
11005.023                0.0010175651             
11306.535                4.5538336E-4             
11608.039                -4.7579975E-5            
11909.547                -4.9271045E-4            
12211.059                -8.8131893E-4            
12512.5625               -0.0012146557            
12814.07                 -0.0014939526            
13115.578                -0.0017203783            
13417.086                -0.0018950648            
13718.594                -0.0020191038            
14020.102                -0.0021884164            
14321.609                -0.0023835693            
14623.113                -0.0025436531            
14924.621                -0.0026686722            
15226.133                -0.0027586252            
15527.637                -0.0028135092            
15829.145                -0.0028333273            
16130.656                -0.0028176715            
16432.16                 -0.002749603             
16733.668                -0.002678242             
17035.176                -0.0026035889            
17336.684                -0.0025256437            
17638.191                -0.0024444067            
17939.7                  -0.0023598776            
18241.207                -0.0022720566            
18542.715                -0.0021809437            
18844.219                -0.00208654              
19145.73                 -0.001988842             
19447.234                -0.0018878543            
19748.742                -0.0017835734            
20050.254                -0.0016759993            
20351.758                -0.0015651359            
20653.266                -0.0014509792            
20954.773                -0.0013335304            
21256.281                -0.0012343677            
21557.79                 -0.0011749464            
21859.297                -0.001119041             
22160.805                -0.0010639402            
22462.312                -0.001009644             
22763.82                 -9.5615245E-4            
23065.328                -9.034655E-4             
23366.832                -8.5158384E-4            
23668.34                 -8.0050615E-4            
23969.852                -7.502324E-4             
24271.355                -7.0076453E-4            
24572.863                -6.521007E-4             
24874.371                -6.0424145E-4            
25175.879                -5.5718684E-4            
25477.387                -5.1093684E-4            
25778.895                -4.6549144E-4            
26080.402                -4.2085067E-4            
26381.91                 -3.770145E-4             
26683.418                -3.33983E-4              
26984.926                -2.9175606E-4            
27286.43                 -2.503343E-4             
27587.941                -2.097161E-4             
27889.45                 -1.6990304E-4            
28190.953                -1.308951E-4             
28492.46                 -9.269128E-5             
28793.973                -5.5291595E-5            
29095.477                -1.8697483E-5            
29396.984                1.7092489E-5             
29698.492                5.207784E-5              
30000.0                  8.625857E-5              
