% x                      y                        z                        
-30000.0                 -0.015772255             
-29698.492               -0.01610087              
-29396.984               -0.016462032             
-29095.477               -0.016855739             
-28793.97                -0.017281989             
-28492.463               -0.017740788             
-28190.955               -0.018232133             
-27889.447               -0.018756025             
-27587.94                -0.01931246              
-27286.432               -0.019901443             
-26984.924               -0.02052297              
-26683.418               -0.021177042             
-26381.91                -0.021863662             
-26080.402               -0.022582827             
-25778.895               -0.023334539             
-25477.387               -0.024118798             
-25175.879               -0.024935601             
-24874.371               -0.02578495              
-24572.863               -0.026666846             
-24271.357               -0.02758128              
-23969.85                -0.028528268             
-23668.342               -0.029507801             
-23366.834               -0.03051988              
-23065.326               -0.031564504             
-22763.818               -0.032641675             
-22462.312               -0.033751383             
-22160.805               -0.034893647             
-21859.297               -0.036068454             
-21557.79                -0.03727581              
-21256.281               -0.03851571              
-20954.773               -0.039558988             
-20653.266               -0.040714514             
-20351.758               -0.042029936             
-20050.25                -0.043505255             
-19748.744               -0.04514046              
-19447.234               -0.046935588             
-19145.729               -0.048890587             
-18844.223               -0.05100548              
-18542.715               -0.053280283             
-18241.207               -0.055714983             
-17939.7                 -0.05830958              
-17638.191               -0.061064076             
-17336.684               -0.06397847              
-17035.176               -0.06705276              
-16733.668               -0.070286945             
-16432.16                -0.07368103              
-16130.653               -0.077235                
-15829.1455              -0.080948874             
-15527.638               -0.08482265              
-15226.131               -0.08885631              
-14924.623               -0.09304988              
-14623.115               -0.09740334              
-14321.608               -0.101916686             
-14020.1                 -0.1072288               
-13718.593               -0.11308456              
-13417.086               -0.119059265             
-13115.578               -0.12515745              
-12814.07                -0.13225181              
-12512.5625              -0.1397586               
-12211.055               -0.14770576              
-11909.549               -0.15612446              
-11608.041               -0.16504991              
-11306.531               -0.1745218               
-11005.025               -0.18458511              
-10703.518               -0.19529176              
-10402.01                -0.20730452              
-10100.502               -0.22063346              
-9798.994                -0.23510331              
-9497.488                -0.25077868              
-9195.98                 -0.26773086              
-8894.471                -0.2860383               
-8592.965                -0.30578738              
-8291.457                -0.3270749               
-7989.949                -0.35000834              
-7688.4434               -0.37598255              
-7386.9336               -0.40811366              
-7085.4277               -0.44388258              
-6783.92                 -0.48369515              
-6482.412                -0.52678216              
-6180.9043               -0.5724043               
-5879.3965               -0.6205616               
-5577.8906               -0.67837214              
-5276.383                -0.74594045              
-4974.873                -0.8223173               
-4673.367                -0.90750116              
-4371.8594               -1.0014936               
-4070.3516               -1.1110784               
-3768.8438               -1.2331178               
-3467.336                -1.3660637               
-3165.83                 -1.5099151               
-2864.3223               -1.686831                
-2562.8145               -1.8604032               
-2261.3066               -2.0282562               
-1959.7988               -2.1897652               
-1658.291                -2.285526                
-1356.7852               -2.306668                
-1055.2754               -2.1620438               
-753.76953               -1.79793                 
-452.26172               -1.1829523               
-150.7539                -0.39691973              
150.7539                 0.41792658               
452.25977                1.2072407                
753.76953                1.7928224                
1055.2773                2.1506982                
1356.7832                2.3028316                
1658.291                 2.2899375                
1959.8008                2.1857145                
2261.3066                2.0212824                
2562.8145                1.8490794                
2864.3203                1.6653312                
3165.8281                1.5143862                
3467.3398                1.3668095                
3768.8438                1.230808                 
4070.3516                1.1063763                
4371.8594                0.9957656                
4673.367                 0.9027                   
4974.875                 0.8191428                
5276.379                 0.7450949                
5577.8906                0.68130076               
5879.3984                0.623571                 
6180.9023                0.5710544                
6482.414                 0.523749                 
6783.918                 0.48133975               
7085.426                 0.44135877               
7386.9375                0.40938535               
7688.4414                0.38203165               
7989.949                 0.35484025               
8291.457                 0.32954785               
8592.965                 0.30640593               
8894.473                 0.28527427               
9195.98                  0.26602727               
9497.488                 0.24855189               
9798.996                 0.23274592               
10100.5                  0.21851683               
10402.012                0.20577964               
10703.516                0.1943419                
11005.023                0.1835904                
11306.535                0.17349641               
11608.039                0.16400746               
11909.547                0.155077                 
12211.059                0.14666452               
12512.5625               0.13873443               
12814.07                 0.13125452               
13115.578                0.12419634               
13417.086                0.11827712               
13718.594                0.11256323               
14020.102                0.10698038               
14321.609                0.101948306              
14623.113                0.09755974               
14924.621                0.09331903               
15226.133                0.08922617               
15527.637                0.08528132               
15829.145                0.081484325              
16130.656                0.07783519               
16432.16                 0.07433405               
16733.668                0.07098077               
17035.176                0.0677754                
17336.684                0.06471793               
17638.191                0.061808374              
17939.7                  0.059046715              
18241.207                0.056432966              
18542.715                0.053967122              
18844.219                0.051649213              
19145.73                 0.049479153              
19447.234                0.04745705               
19748.742                0.045582827              
20050.254                0.043856487              
20351.758                0.0422781                
20653.266                0.04090469               
20954.773                0.039717343              
21256.281                0.038522586              
21557.79                 0.037261512              
21859.297                0.03604934               
22160.805                0.034870584              
22462.312                0.033725247              
22763.82                 0.032613322              
23065.328                0.031534817              
23366.832                0.03048974               
23668.34                 0.029478068              
23969.852                0.028499799              
24271.355                0.027554972              
24572.863                0.026643548              
24874.371                0.025765542              
25175.879                0.024920953              
25477.387                0.024109779              
25778.895                0.023332024              
26080.402                0.022587683              
26381.91                 0.02187676               
26683.418                0.021199254              
26984.926                0.020555163              
27286.43                 0.019944498              
27587.941                0.019367233              
27889.45                 0.018823395              
28190.953                0.018312976              
28492.46                 0.01783597               
28793.973                0.017392373              
29095.477                0.016982205              
29396.984                0.016605448              
29698.492                0.016262107              
30000.0                  0.015952183              
