% x                      y                        z                        
-30000.0                 1.6595093E-4             
-29698.492               7.359794E-5              
-29396.984               -2.032824E-5             
-29095.477               -1.15827606E-4           
-28793.97                -2.1289954E-4            
-28492.463               -3.1154527E-4            
-28190.955               -4.1176422E-4            
-27889.447               -5.1355636E-4            
-27587.94                -6.169217E-4             
-27286.432               -7.2186015E-4            
-26984.924               -8.283719E-4             
-26683.418               -9.364561E-4             
-26381.91                -0.0010461141            
-26080.402               -0.0011573455            
-25778.895               -0.00127015              
-25477.387               -0.0013845275            
-25175.879               -0.0015004784            
-24874.371               -0.0016180024            
-24572.863               -0.0017370997            
-24271.357               -0.0018577693            
-23969.85                -0.001980013             
-23668.342               -0.0021038298            
-23366.834               -0.0022292198            
-23065.326               -0.002356183             
-22763.818               -0.0024847193            
-22462.312               -0.002614828             
-22160.805               -0.0027465108            
-21859.297               -0.0028797667            
-21557.79                -0.003014596             
-21256.281               -0.0031509981            
-20954.773               -0.003542977             
-20653.266               -0.0039476627            
-20351.758               -0.0043279533            
-20050.25                -0.00468385              
-19748.744               -0.0050153495            
-19447.234               -0.005322459             
-19145.729               -0.00560517              
-18844.223               -0.0058634873            
-18542.715               -0.0060974113            
-18241.207               -0.006306941             
-17939.7                 -0.006492076             
-17638.191               -0.0066528167            
-17336.684               -0.0067891628            
-17035.176               -0.0069011142            
-16733.668               -0.006988671             
-16432.16                -0.007051834             
-16130.653               -0.0070906016            
-15829.1455              -0.007104975             
-15527.638               -0.007094954             
-15226.131               -0.007060539             
-14924.623               -0.007001729             
-14623.115               -0.0069185244            
-14321.608               -0.006810926             
-14020.1                 -0.006575591             
-13718.593               -0.0061856117            
-13417.086               -0.005694587             
-13115.578               -0.0051030978            
-12814.07                -0.0044465936            
-12512.5625              -0.0036958887            
-12211.055               -0.002844605             
-11909.549               -0.0018856165            
-11608.041               -8.108938E-4             
-11306.531               3.8862968E-4             
-11005.025               0.0017232423             
-10703.518               0.003204786              
-10402.01                0.0051491475             
-10100.502               0.007712988              
-9798.994                0.010838521              
-9497.488                0.0145575935             
-9195.98                 0.018905263              
-8894.471                0.023920136              
-8592.965                0.029644817              
-8291.457                0.03612688               
-7989.949                0.04341931               
-7688.4434               0.05204454               
-7386.9336               0.062877536              
-7085.4277               0.074855074              
-6783.92                 0.08854471               
-6482.412                0.10519172               
-6180.9043               0.124589115              
-5879.3965               0.1467369                
-5577.8906               0.17277867               
-5276.383                0.20578514               
-4974.873                0.24589378               
-4673.367                0.29310375               
-4371.8594               0.3474159                
-4070.3516               0.41791672               
-3768.8438               0.5091984                
-3467.336                0.61938363               
-3165.83                 0.7484715                
-2864.3223               0.9089388                
-2562.8145               1.108817                 
-2261.3066               1.3480312                
-1959.7988               1.6383952                
-1658.291                1.9742655                
-1356.7852               2.3522677                
-1055.2754               2.741373                 
-753.76953               3.1061156                
-452.26172               3.3893185                
-150.7539                3.5413814                
150.7539                 3.5468767                
452.25977                3.395091                 
753.76953                3.1052701                
1055.2773                2.7403903                
1356.7832                2.3530188                
1658.291                 1.9710436                
1959.8008                1.6320167                
2261.3066                1.3479018                
2562.8145                1.1088699                
2864.3203                0.90394384               
3165.8281                0.75089514               
3467.3398                0.618957                 
3768.8438                0.50791115               
4070.3516                0.41775292               
4371.8594                0.34822148               
4673.367                 0.29185152               
4974.875                 0.24459703               
5276.379                 0.20645843               
5577.8906                0.17599517               
5879.3984                0.14894833               
6180.9023                0.12504412               
6482.414                 0.10428172               
6783.918                 0.08678153               
7085.426                 0.07275916               
7386.9375                0.061473172              
7688.4414                0.05132501               
7989.949                 0.042985264              
8291.457                 0.0358226                
8592.965                 0.029444471              
8894.473                 0.023799742              
9195.98                  0.018842598              
9497.488                 0.014531806              
9798.996                 0.010830096              
10100.5                  0.007703687              
10402.012                0.0051216665             
10703.516                0.0031273176             
11005.023                0.0015600902             
11306.535                1.5107165E-4             
11608.039                -0.001103391             
11909.547                -0.0022069118            
12211.059                -0.0031629123            
12512.5625               -0.0039746575            
12814.07                 -0.00464536              
13115.578                -0.005178072             
13417.086                -0.0055757463            
13718.594                -0.005841233             
14020.102                -0.006164487             
14321.609                -0.006527733             
14623.113                -0.0068158745            
14924.621                -0.0070289182            
15226.133                -0.0071668625            
15527.637                -0.007229702             
15829.145                -0.0072174417            
16130.656                -0.0071296874            
16432.16                 -0.006967539             
16733.668                -0.0067952555            
17035.176                -0.006612839             
17336.684                -0.0064202896            
17638.191                -0.0062176073            
17939.7                  -0.006004792             
18241.207                -0.005781844             
18542.715                -0.0055487626            
18844.219                -0.0053055515            
19145.73                 -0.005052201             
19447.234                -0.0047887247            
19748.742                -0.0045151114            
20050.254                -0.0042313617            
20351.758                -0.0039374866            
20653.266                -0.0036334747            
20954.773                -0.0033193298            
21256.281                -0.0030465575            
21557.79                 -0.002912996             
21859.297                -0.0027867025            
22160.805                -0.0026616165            
22462.312                -0.0025377383            
22763.82                 -0.0024150677            
23065.328                -0.0022936047            
23366.832                -0.0021733511            
23668.34                 -0.0020543034            
23969.852                -0.001936462             
24271.355                -0.0018198312            
24572.863                -0.0017044066            
24874.371                -0.0015901896            
25175.879                -0.0014771803            
25477.387                -0.0013653786            
25778.895                -0.0012547846            
26080.402                -0.0011453984            
26381.91                 -0.0010372197            
26683.418                -9.302487E-4             
26984.926                -8.244853E-4             
27286.43                 -7.1993103E-4            
27587.941                -6.1658164E-4            
27889.45                 -5.144413E-4             
28190.953                -4.1350993E-4            
28492.46                 -3.1378487E-4            
28793.973                -2.1526623E-4            
29095.477                -1.1795778E-4            
29396.984                -2.1855729E-5            
29698.492                7.303867E-5              
30000.0                  1.667254E-4              
