% x                      y                        z                        
5.024296E-14             0.0062949313             
22.40549                 0.006273774              
44.81098                 0.0062526166             
67.21647                 0.006231459              
89.62196                 0.0062103015             
112.02745                0.006189144              
134.43294                0.0061679864             
156.83844                0.006146829              
179.24393                0.006125672              
201.64943                0.006104514              
224.0549                 0.0060833567             
246.4604                 0.0060621994             
268.86588                0.006041042              
291.2714                 0.0060198843             
313.67688                0.005998727              
336.08237                0.0059001567             
358.48785                0.005860352              
380.89334                0.0054466114             
403.29886                0.0053296494             
425.7043                 0.004907972              
448.1098                 0.00476621               
470.5153                 0.004624448              
492.9208                 0.0044826856             
515.3263                 0.004340923              
537.73175                0.004199161              
560.13727                0.004057399              
582.5428                 0.0039156363             
604.94824                0.0037738744             
627.35376                0.003632112              
649.7592                 0.00349035               
672.16473                0.0033485875             
694.57025                0.0032068251             
716.9757                 0.0030650627             
739.38116                0.002442807              
761.7867                 0.0023294084             
784.19214                0.0022160104             
806.5977                 0.0021026116             
829.0032                 0.0019892135             
851.4086                 0.0018758154             
873.8142                 0.0017624167             
896.2196                 0.0016490186             
918.6251                 0.0015356202             
941.0306                 0.001422222              
963.4361                 0.0013088236             
985.8416                 0.0011954252             
1008.2471                0.0010820271             
1030.6526                9.6862833E-4             
1053.0581                5.9316226E-4             
1075.4635                4.8601293E-4             
1097.869                 3.7886327E-4             
1120.2745                2.7171397E-4             
1142.68                  1.6456401E-4             
1165.0856                5.741438E-5              
1187.4911                -4.973493E-5             
1209.8965                -1.5688424E-4            
1232.3019                -2.6403356E-4            
1254.7075                -3.711835E-4             
1277.1129                -4.783328E-4             
1299.5184                -5.854821E-4             
1321.924                 -6.926321E-4             
1344.3295                -5.269075E-4             
1366.735                 -5.3600094E-4            
1389.1405                -5.450944E-4             
1411.5459                -5.541878E-4             
1433.9514                -5.632813E-4             
1456.3569                -5.7237473E-4            
1478.7623                -5.814681E-4             
1501.168                 -5.905616E-4             
1523.5734                -6.6635746E-4            
1545.9789                -6.66857E-4              
1568.3843                -6.6735654E-4            
1590.7899                -6.6785613E-4            
1613.1954                -6.683557E-4             
1635.6007                -6.688552E-4             
1658.0063                -6.6935475E-4            
1680.4119                -6.698543E-4             
1702.8173                -6.703538E-4             
1725.2228                -6.7085336E-4            
1747.6284                -6.7135296E-4            
1770.0337                -6.718525E-4             
1792.4392                -6.7235203E-4            
1814.8447                -6.728516E-4             
1837.2502                -6.733511E-4             
1859.6558                -5.1530404E-4            
1882.0612                -5.070988E-4             
1904.4668                -4.988935E-4             
1926.8722                -4.906882E-4             
1949.2777                -4.8248292E-4            
1971.6832                -4.742776E-4             
1994.0885                -4.6607238E-4            
2016.4941                -4.5786705E-4            
2038.8997                -4.4966175E-4            
2061.3052                -4.4145642E-4            
2083.7107                -4.332512E-4             
2106.1162                -4.2504587E-4            
2128.5217                -4.168406E-4             
2150.927                 -4.1727055E-4            
2173.3328                -4.0464214E-4            
2195.738                 -3.9201378E-4            
2218.1436                -3.7938543E-4            
2240.549                 -3.6675707E-4            
2262.9546                -3.5412866E-4            
2285.36                  -3.4150024E-4            
2307.7654                -3.2887197E-4            
2330.1711                -3.1624347E-4            
2352.5767                -3.0361512E-4            
2374.9822                -2.9098676E-4            
2397.3875                -2.370396E-4             
2419.793                 -2.325508E-4             
2442.1985                -2.28062E-4              
2464.6038                -2.235732E-4             
2487.0095                -2.1908434E-4            
2509.415                 -2.1459554E-4            
2531.8206                -2.1010674E-4            
2554.2258                -2.0561794E-4            
2576.6316                -2.0112908E-4            
2599.0369                -1.9664034E-4            
2621.4424                -1.9215148E-4            
2643.848                 -1.8766268E-4            
2666.2534                -1.8317388E-4            
2688.659                 -1.7868508E-4            
2711.0642                -1.7419628E-4            
2733.47                  -1.6970742E-4            
2755.8755                -1.6521862E-4            
2778.281                 -1.6072982E-4            
2800.6863                -1.5624102E-4            
2823.0918                -1.563165E-4             
2845.4976                -1.5052041E-4            
2867.9028                -1.4472441E-4            
2890.308                 -1.3892847E-4            
2912.7139                -9.9202945E-5            
2935.1194                -9.785817E-5             
2957.5247                -9.6513395E-5            
2979.9304                -9.516861E-5             
3002.336                 -9.382384E-5             
3024.741                 -9.247908E-5             
3047.1467                -9.113429E-5             
3069.5522                -8.9789515E-5            
3091.9578                -8.844474E-5             
3114.3633                -8.709995E-5             
3136.7686                -8.575519E-5             
3159.174                 -8.3425846E-5            
3181.5798                -8.186871E-5             
3203.985                 -8.031159E-5             
3226.3909                -7.8754456E-5            
3248.7964                -7.7197335E-5            
3271.2014                -7.564024E-5             
3293.6072                -7.4083095E-5            
3316.0127                -7.2525974E-5            
3338.4182                -7.096886E-5             
3360.8237                -6.941172E-5             
3383.229                 -6.785462E-5             
3405.6345                -6.62975E-5              
3428.04                  -6.4740365E-5            
3450.4456                -6.3183244E-5            
3472.851                 -6.1626124E-5            
3495.2568                -6.0068985E-5            
3517.6619                -5.8511883E-5            
3540.0674                -5.6954766E-5            
3562.4731                -5.5397628E-5            
3584.8784                -5.3840507E-5            
3607.284                 -5.2283387E-5            
3629.6895                -5.072627E-5             
3652.095                 -4.916915E-5             
3674.5005                -4.761201E-5             
3696.906                 -4.6054894E-5            
3719.3115                -4.4497774E-5            
3741.7173                -4.2940635E-5            
3764.1223                -4.1383537E-5            
3786.5278                -4.329431E-5             
3808.9336                -4.1863746E-5            
3831.3389                -4.04332E-5              
3853.7444                -3.900265E-5             
3876.1501                -3.7572085E-5            
3898.5554                -3.6141555E-5            
3920.9607                -3.4711007E-5            
3943.3665                -2.6767782E-5            
3965.772                 -2.6354184E-5            
3988.177                 -2.594059E-5             
4010.5828                -2.5526986E-5            
4032.9883                -2.5113388E-5            
4055.3938                -2.469979E-5             
4077.7993                -2.4286186E-5            
4100.205                 -2.6747206E-5            
4122.6104                -2.617675E-5             
4145.0156                -2.560631E-5             
4167.4214                -2.5035864E-5            
4189.827                 -2.446541E-5             
4212.2324                -2.3894963E-5            
4234.6377                -2.3324523E-5            
4257.0435                -2.2754068E-5            
4279.4487                -2.2183622E-5            
4301.854                 -2.1613174E-5            
4324.26                  -2.104272E-5             
4346.6655                -2.0472273E-5            
4369.0703                -1.9901832E-5            
4391.476                 -1.9331379E-5            
4413.882                 -1.8760931E-5            
4436.287                 -1.8190485E-5            
4458.693                 -1.762003E-5             
4481.098                 -1.7049591E-5            
4503.5034                -1.6479144E-5            
4525.909                 -1.590869E-5             
4548.3145                -1.5530886E-5            
4570.72                  -1.5231048E-5            
4593.1255                -1.4931217E-5            
4615.531                 -1.4631382E-5            
4637.937                 -1.433154E-5             
4660.3423                -1.4031705E-5            
4682.747                 -1.3731878E-5            
4705.1533                -1.3432036E-5            
4727.5586                -1.3132201E-5            
4749.9644                -1.2832367E-5            
4772.3696                -1.2532532E-5            
4794.775                 -1.2232697E-5            
4817.1807                -1.1353437E-5            
4839.586                 -1.1204728E-5            
4861.991                 -1.105602E-5             
4884.397                 -1.0907312E-5            
4906.8027                -1.0758599E-5            
4929.2075                -1.0609895E-5            
4951.614                 -1.0461183E-5            
4974.019                 -1.0312474E-5            
4996.425                 -1.0163765E-5            
5018.83                  -1.0015057E-5            
5041.2354                -9.866349E-6             
5063.641                 -9.71764E-6              
5086.0464                -9.568932E-6             
5108.4517                -9.420223E-6             
5130.8574                -9.2715145E-6            
5153.263                 -9.122803E-6             
5175.668                 -8.974098E-6             
5198.0737                -8.825389E-6             
5220.4795                -8.676677E-6             
5242.885                 -8.527969E-6             
5265.2905                -8.37926E-6              
5287.696                 -8.230551E-6             
5310.1016                -8.081844E-6             
5332.507                 -7.933135E-6             
5354.912                 -7.784426E-6             
5377.318                 -7.635718E-6             
5399.7236                -7.487006E-6             
5422.1284                -7.3383007E-6            
5444.534                 -7.1895925E-6            
5466.94                  -7.0408805E-6            
5489.345                 -6.8921718E-6            
5511.751                 -6.7434635E-6            
5534.1562                -6.5947547E-6            
5556.562                 -6.4460464E-6            
5578.9673                -6.297338E-6             
5601.3726                -6.1486294E-6            
5623.779                 -5.9999174E-6            
5646.1836                -5.8512123E-6            
5668.589                 -5.702504E-6             
5690.995                 -4.7305634E-6            
5713.4                   -4.684542E-6             
5735.8057                -4.6385185E-6            
5758.2114                -4.5924958E-6            
5780.616                 -4.5464744E-6            
5803.022                 -4.500451E-6             
5825.4277                -4.454428E-6             
5847.833                 -4.408406E-6             
5870.239                 -4.362383E-6             
5892.6445                -4.3163595E-6            
5915.0493                -4.270338E-6             
5937.455                 -4.2243155E-6            
5959.861                 -4.178292E-6             
5982.2656                -4.1322705E-6            
6004.672                 -4.0862465E-6            
6027.077                 -4.040224E-6             
6049.482                 -3.994203E-6             
6071.888                 -3.9481793E-6            
6094.2935                -3.9021565E-6            
6116.699                 -3.856134E-6             
6139.1045                -3.8101114E-6            
6161.51                  -3.764089E-6             
6183.9155                -3.7180662E-6            
6206.321                 -3.6720437E-6            
6228.7266                -3.62602E-6              
6251.132                 -3.5799985E-6            
6273.537                 -3.533976E-6             
6295.943                 -3.4879524E-6            
6318.348                 -3.441931E-6             
6340.754                 -3.3959072E-6            
6363.1597                -3.3498848E-6            
6385.5645                -3.3038634E-6            
6407.97                  -3.2578396E-6            
6430.376                 -3.211817E-6             
6452.7817                -3.1657935E-6            
6475.1865                -3.119772E-6             
6497.593                 -3.0737483E-6            
6519.998                 -3.0277258E-6            
6542.403                 -2.9817043E-6            
6564.809                 -2.9356806E-6            
6587.2144                -2.8896582E-6            
6609.6196                -2.8436357E-6            
6632.0254                -2.797613E-6             
6654.431                 -2.7515894E-6            
6676.8364                -2.705568E-6             
6699.2417                -2.6595453E-6            
6721.6475                -2.6135217E-6            
6744.0527                -2.5675004E-6            
6766.458                 -2.5214777E-6            
6788.864                 -2.475454E-6             
6811.269                 -2.4294327E-6            
6833.675                 -2.3834089E-6            
6856.08                  -2.3373864E-6            
6878.4854                -2.291365E-6             
6900.891                 -2.2453412E-6            
6923.297                 -2.1993187E-6            
6945.702                 -2.1532962E-6            
6968.1074                -2.1072738E-6            
6990.5137                -2.06125E-6              
7012.9185                -2.0152286E-6            
7035.3237                -1.969206E-6             
7057.73                  -1.9231823E-6            
7080.135                 -1.9698225E-6            
7102.5405                -1.9261317E-6            
7124.9463                -1.8824419E-6            
7147.351                 -1.8387532E-6            
7169.757                 -1.7950624E-6            
7192.1626                -1.7513726E-6            
7214.568                 -1.7076828E-6            
7236.9736                -1.6639931E-6            
7259.379                 -1.6203034E-6            
7281.784                 -1.5766136E-6            
7304.19                  -1.5329239E-6            
7326.5957                -1.489233E-6             
7349.001                 -1.4455433E-6            
7371.4062                -1.4018545E-6            
7393.812                 -1.3581637E-6            
7416.2173                -1.3144739E-6            
7438.623                 -1.2707842E-6            
7461.0283                -1.2270945E-6            
7483.4346                -1.1834036E-6            
7505.8394                -1.139715E-6             
7528.2446                -1.0960251E-6            
7550.651                 -1.1474827E-6            
7573.0557                -1.1400765E-6            
7595.4614                -1.13267E-6              
7617.867                 -1.1252637E-6            
7640.272                 -1.1178574E-6            
7662.6777                -1.110451E-6             
7685.0835                -1.1030446E-6            
7707.489                 -1.0956383E-6            
7729.8945                -1.0882319E-6            
7752.3003                -1.0808253E-6            
7774.705                 -1.0734192E-6            
7797.111                 -1.0660128E-6            
7819.5166                -1.0586062E-6            
7841.9214                -1.0512001E-6            
7864.327                 -1.0437938E-6            
7886.733                 -1.0363872E-6            
7909.1377                -1.028981E-6             
7931.544                 -1.0215746E-6            
7953.949                 -1.0141682E-6            
7976.354                 -1.006762E-6             
7998.7603                -9.993555E-7             
8021.1655                -9.919492E-7             
8043.5713                -9.845428E-7             
8065.9766                -9.771364E-7             
8088.3823                -9.697299E-7             
8110.7876                -9.623237E-7             
8133.193                 -9.549174E-7             
8155.5986                -9.475108E-7             
8178.0044                -9.401044E-7             
8200.41                  -9.326981E-7             
8222.815                 -9.252917E-7             
8245.221                 -9.1717374E-7            
8267.626                 -9.085387E-7             
8290.031                 -8.9991454E-7            
8312.4375                -8.913011E-7             
8334.843                 -8.8269917E-7            
8357.248                 -8.7410774E-7            
8379.654                 -8.655275E-7             
8402.059                 -8.5695837E-7            
8424.465                 -8.483998E-7             
8446.87                  -8.3985225E-7            
8469.275                 -8.3131584E-7            
8491.681                 -8.2278984E-7            
8514.087                 -8.142749E-7             
8536.492                 -8.057708E-7             
8558.897                 -7.972775E-7             
8581.304                 -7.887947E-7             
8603.708                 -7.803231E-7             
8626.113                 -7.7186206E-7            
8648.52                  -7.634115E-7             
8670.925                 -7.5497206E-7            
8693.331                 -7.4654287E-7            
8715.736                 -7.381245E-7             
8738.141                 -7.2971704E-7            
8760.547                 -7.2131974E-7            
8782.952                 -7.129333E-7             
8805.357                 -7.0455735E-7            
8827.764                 -6.96192E-7              
8850.169                 -6.87837E-7              
8872.574                 -6.7949287E-7            
8894.9795                -6.711591E-7             
8917.386                 -6.628356E-7             
8939.79                  -6.545229E-7             
8962.196                 -6.462205E-7             
8984.602                 -6.3792834E-7            
9007.007                 -6.2964693E-7            
9029.413                 -6.2137553E-7            
9051.818                 -6.1311465E-7            
9074.225                 -6.0486394E-7            
9096.629                 -5.96624E-7              
9119.034                 -5.8839413E-7            
9141.44                  -5.8017434E-7            
9163.846                 -5.7196524E-7            
9186.251                 -5.637662E-7             
9208.657                 -5.5557695E-7            
9231.062                 -5.4739877E-7            
9253.467                 -5.392303E-7             
9275.874                 -5.310717E-7             
9298.278                 -5.22924E-7              
9320.685                 -5.1478565E-7            
9343.09                  -5.0665784E-7            
9365.494                 -4.9854054E-7            
9387.901                 -4.904325E-7             
9410.307                 -4.8233494E-7            
9432.712                 -4.742474E-7             
9455.117                 -4.6616992E-7            
9477.522                 -4.5810245E-7            
9499.929                 -4.5004495E-7            
9522.334                 -4.4199746E-7            
9544.739                 -4.339599E-7             
9567.145                 -4.2593228E-7            
9589.55                  -4.179146E-7             
9611.955                 -4.0990682E-7            
9634.361                 -4.019089E-7             
9656.767                 -3.9392089E-7            
9679.172                 -3.8594268E-7            
9701.577                 -3.7797435E-7            
9723.982                 -3.700158E-7             
9746.388                 -3.6206706E-7            
9768.794                 -3.541281E-7             
9791.199                 -3.461989E-7             
9813.605                 -3.3827908E-7            
9836.01                  -3.3036974E-7            
9858.415                 -3.224697E-7             
9880.822                 -3.14579E-7              
9903.228                 -3.0669835E-7            
9925.633                 -2.988274E-7             
9948.038                 -2.9096603E-7            
9970.443                 -2.831143E-7             
9992.85                  -2.7527219E-7            
10015.255                -2.7475937E-7            
10037.66                 -2.7314096E-7            
10060.065                -2.7152498E-7            
10082.471                -2.699114E-7             
10104.876                -2.683002E-7             
10127.282                -2.6669142E-7            
10149.6875               -2.6508502E-7            
10172.093                -2.63481E-7              
10194.498                -2.618794E-7             
10216.903                -2.6028016E-7            
10239.309                -2.586833E-7             
10261.715                -2.570888E-7             
10284.12                 -2.5549667E-7            
10306.526                -2.5390685E-7            
10328.931                -2.5231952E-7            
10351.336                -2.507345E-7             
10373.743                -2.4915173E-7            
10396.147                -2.4757148E-7            
10418.554                -2.4599342E-7            
10440.959                -2.4441778E-7            
10463.363                -2.4284452E-7            
10485.77                 -2.4127348E-7            
10508.176                -2.3970483E-7            
10530.581                -2.3813853E-7            
10552.986                -2.3657454E-7            
10575.392                -2.3501286E-7            
10597.797                -2.334535E-7             
10620.203                -2.3189645E-7            
10642.608                -2.3034171E-7            
10665.014                -2.2878928E-7            
10687.419                -2.2723914E-7            
10709.824                -2.256913E-7             
10732.2295               -2.2414575E-7            
10754.636                -2.226025E-7             
10777.041                -2.2106153E-7            
10799.447                -2.1952276E-7            
10821.852                -2.1798643E-7            
10844.257                -2.1645228E-7            
10866.664                -2.1492033E-7            
10889.068                -2.1339082E-7            
10911.475                -2.118634E-7             
10933.88                 -2.1033833E-7            
10956.284                -2.0881558E-7            
10978.69                 -2.0729493E-7            
11001.097                -2.057766E-7             
11023.502                -2.0426053E-7            
11045.907                -2.0274669E-7            
11068.3125               -2.012351E-7             
11090.718                -1.9972573E-7            
11113.124                -1.9821859E-7            
11135.529                -1.9671369E-7            
11157.935                -1.95211E-7              
11180.34                 -1.9371053E-7            
