% x                      y                        z                        
5.024296E-14             6.1707344                
22.40549                 6.1683517                
44.81098                 6.1613374                
67.21647                 6.149692                 
89.62196                 6.1334143                
112.02745                6.1125054                
134.43294                6.0869646                
156.83844                6.0567927                
179.24393                6.0219884                
201.64943                5.982553                 
224.0549                 5.938486                 
246.4604                 5.889787                 
268.86588                5.836457                 
291.2714                 5.7784944                
313.67688                5.715901                 
336.08237                5.6459374                
358.48785                5.5713773                
380.89334                5.4909267                
403.29886                5.4065313                
425.7043                 5.3197117                
448.1098                 5.229969                 
470.5153                 5.1382036                
492.9208                 5.044415                 
515.3263                 4.948604                 
537.73175                4.8507705                
560.13727                4.750914                 
582.5428                 4.649035                 
604.94824                4.545133                 
627.35376                4.4392085                
649.7592                 4.331261                 
672.16473                4.221291                 
694.57025                4.109298                 
716.9757                 3.9952826                
739.38116                3.8788133                
761.7867                 3.7613893                
784.19214                3.6453464                
806.5977                 3.5306835                
829.0032                 3.4174023                
851.4086                 3.3055017                
873.8142                 3.1949813                
896.2196                 3.0858424                
918.6251                 2.9780838                
941.0306                 2.8717062                
963.4361                 2.7667093                
985.8416                 2.663093                 
1008.2471                2.560858                 
1030.6526                2.4600031                
1053.0581                2.3612669                
1075.4635                2.264985                 
1097.869                 2.1707995                
1120.2745                2.0787103                
1142.68                  1.9887173                
1165.0856                1.900821                 
1187.4911                1.8150212                
1209.8965                1.7313179                
1232.3019                1.649711                 
1254.7075                1.5702001                
1277.1129                1.4927859                
1299.5184                1.4174683                
1321.924                 1.3442466                
1344.3295                1.2829558                
1366.735                 1.2251287                
1389.1405                1.1689255                
1411.5459                1.1143458                
1433.9514                1.0613893                
1456.3569                1.0100567                
1478.7623                0.96034753               
1501.168                 0.9122616                
1523.5734                0.8664494                
1545.9789                0.82305264               
1568.3843                0.78146136               
1590.7899                0.7416752                
1613.1954                0.7036946                
1635.6007                0.66751975               
1658.0063                0.63315                  
1680.4119                0.6005857                
1702.8173                0.56982714               
1725.2228                0.5408737                
1747.6284                0.51372576               
1770.0337                0.4883835                
1792.4392                0.4648464                
1814.8447                0.4431149                
1837.2502                0.4231887                
1859.6558                0.40454024               
1882.0612                0.38648275               
1904.4668                0.36901355               
1926.8722                0.35213283               
1949.2777                0.3358405                
1971.6832                0.32013646               
1994.0885                0.30502096               
2016.4941                0.29049367               
2038.8997                0.2765548                
2061.3052                0.26320428               
2083.7107                0.2504423                
2106.1162                0.23826857               
2128.5217                0.22668327               
2150.927                 0.21558878               
2173.3328                0.20500416               
2195.738                 0.19503857               
2218.1436                0.18569197               
2240.549                 0.17696433               
2262.9546                0.16885562               
2285.36                  0.16136591               
2307.7654                0.15449525               
2330.1711                0.14824346               
2352.5767                0.14261073               
2374.9822                0.13759696               
2397.3875                0.13254482               
2419.793                 0.12723543               
2442.1985                0.12209238               
2464.6038                0.11711569               
2487.0095                0.1123053                
2509.415                 0.10766132               
2531.8206                0.103183694              
2554.2258                0.098872416              
2576.6316                0.09472744               
2599.0369                0.09074892               
2621.4424                0.08693666               
2643.848                 0.0832908                
2666.2534                0.07981129               
2688.659                 0.076498136              
2711.0642                0.07335133               
2733.47                  0.070370845              
2755.8755                0.06755675               
2778.281                 0.064909                 
2800.6863                0.062427614              
2823.0918                0.06012046               
2845.4976                0.058001004              
2867.9028                0.056047153              
2890.308                 0.0542589                
2912.7139                0.05257728               
2935.1194                0.050901365              
2957.5247                0.049259637              
2979.9304                0.047652077              
3002.336                 0.046078727              
3024.741                 0.04453958               
3047.1467                0.04303458               
3069.5522                0.041563787              
3091.9578                0.040127184              
3114.3633                0.03872475               
3136.7686                0.037356537              
3159.174                 0.03602303               
3181.5798                0.03472803               
3203.985                 0.033471704              
3226.3909                0.03225401               
3248.7964                0.031074984              
3271.2014                0.02993462               
3293.6072                0.028832883              
3316.0127                0.027769806              
3338.4182                0.026745383              
3360.8237                0.025759596              
3383.229                 0.024812484              
3405.6345                0.02390401               
3428.04                  0.023034178              
3450.4456                0.022203008              
3472.851                 0.021410486              
3495.2568                0.020656606              
3517.6619                0.019941397              
3540.0674                0.019264827              
3562.4731                0.0186269                
3584.8784                0.018027633              
3607.284                 0.017467016              
3629.6895                0.01694505               
3652.095                 0.016461734              
3674.5005                0.016017063              
3696.906                 0.015611049              
3719.3115                0.015243685              
3741.7173                0.014914968              
3764.1223                0.0146249095             
3786.5278                0.014367181              
3808.9336                0.013982453              
3831.3389                0.013626921              
3853.7444                0.01330058               
3876.1501                0.013003426              
3898.5554                0.012735469              
3920.9607                0.0124967005             
3943.3665                0.0122082615             
3965.772                 0.0118879415             
3988.177                 0.011575045              
4010.5828                0.011269563              
4032.9883                0.010971505              
4055.3938                0.010680868              
4077.7993                0.010397649              
4100.205                 0.010108003              
4122.6104                0.009823976              
4145.0156                0.009547194              
4167.4214                0.009277646              
4189.827                 0.009015334              
4212.2324                0.008760263              
4234.6377                0.008512434              
4257.0435                0.008271836              
4279.4487                0.00803848               
4301.854                 0.0078123617             
4324.26                  0.0075934795             
4346.6655                0.007381838              
4369.0703                0.007177437              
4391.476                 0.0069802697             
4413.882                 0.0067903427             
4436.287                 0.0066076545             
4458.693                 0.006432202              
4481.098                 0.006263992              
4503.5034                0.0061030183             
4525.909                 0.0059492807             
4548.3145                0.005811852              
4570.72                  0.0056823827             
4593.1255                0.0055583194             
4615.531                 0.0054396577             
4637.937                 0.0053263963             
4660.3423                0.0052185412             
4682.747                 0.005116091              
4705.1533                0.0050190394             
4727.5586                0.0049273935             
4749.9644                0.0048411503             
4772.3696                0.00476031               
4794.775                 0.004684873              
4817.1807                0.004595089              
4839.586                 0.004492772              
4861.991                 0.004392342              
4884.397                 0.0042938                
4906.8027                0.0041971426             
4929.2075                0.0041023777             
4951.614                 0.004009495              
4974.019                 0.0039185025             
4996.425                 0.0038293968             
5018.83                  0.003742179              
5041.2354                0.003656848              
5063.641                 0.0035734049             
5086.0464                0.003491849              
5108.4517                0.0034121803             
5130.8574                0.0033343993             
5153.263                 0.0032585037             
5175.668                 0.003184499              
5198.0737                0.00311238               
5220.4795                0.0030421466             
5242.885                 0.0029738024             
5265.2905                0.0029073455             
5287.696                 0.002842776              
5310.1016                0.0027800938             
5332.507                 0.0027192992             
5354.912                 0.0026603916             
5377.318                 0.0026033716             
5399.7236                0.0025482376             
5422.1284                0.0024949936             
5444.534                 0.0024436358             
5466.94                  0.002394164              
5489.345                 0.0023465808             
5511.751                 0.002300885              
5534.1562                0.0022570768             
5556.562                 0.0022151556             
5578.9673                0.002175122              
5601.3726                0.0021369758             
5623.779                 0.002100716              
5646.1836                0.0020663454             
5668.589                 0.0020338611             
5690.995                 0.0019976497             
5713.4                   0.00196166               
5735.8057                0.0019261249             
5758.2114                0.0018910469             
5780.616                 0.0018564259             
5803.022                 0.0018222595             
5825.4277                0.0017885502             
5847.833                 0.0017552971             
5870.239                 0.0017225002             
5892.6445                0.0016901589             
5915.0493                0.0016582751             
5937.455                 0.0016268471             
5959.861                 0.0015958744             
5982.2656                0.0015653594             
6004.672                 0.0015352992             
6027.077                 0.0015056961             
6049.482                 0.0014765499             
6071.888                 0.0014478584             
6094.2935                0.001419624              
6116.699                 0.0013918456             
6139.1045                0.0013645237             
6161.51                  0.0013376579             
6183.9155                0.0013112483             
6206.321                 0.001285295              
6228.7266                0.0012597974             
6251.132                 0.0012347571             
6273.537                 0.0012101725             
6295.943                 0.0011860436             
6318.348                 0.0011623721             
6340.754                 0.0011391556             
6363.1597                0.0011163959             
6385.5645                0.0010940931             
6407.97                  0.0010722454             
6430.376                 0.0010508545             
6452.7817                0.0010299193             
6475.1865                0.0010094413             
6497.593                 9.894186E-4              
6519.998                 9.698526E-4              
6542.403                 9.507433E-4              
6564.809                 9.3208934E-4             
6587.2144                9.138921E-4              
6609.6196                8.9615106E-4             
6632.0254                8.788663E-4              
6654.431                 8.620373E-4              
6676.8364                8.456654E-4              
6699.2417                8.297493E-4              
6721.6475                8.142891E-4              
6744.0527                7.9928583E-4             
6766.458                 7.8473845E-4             
6788.864                 7.7064696E-4             
6811.269                 7.570124E-4              
6833.675                 7.438334E-4              
6856.08                  7.31111E-4               
6878.4854                7.188451E-4              
6900.891                 7.0703484E-4             
6923.297                 6.9568114E-4             
6945.702                 6.847837E-4              
6968.1074                6.743424E-4              
6990.5137                6.6435715E-4             
7012.9185                6.548286E-4              
7035.3237                6.457561E-4              
7057.73                  6.371396E-4              
7080.135                 6.2799273E-4             
7102.5405                6.1853067E-4             
7124.9463                6.0967705E-4             
7147.351                 6.0143176E-4             
7169.757                 5.9379434E-4             
7192.1626                5.8676524E-4             
7214.568                 5.8034435E-4             
7236.9736                5.745317E-4              
7259.379                 5.6932715E-4             
7281.784                 5.6473084E-4             
7304.19                  5.607427E-4              
7326.5957                5.573627E-4              
7349.001                 5.5459095E-4             
7371.4062                5.5242743E-4             
7393.812                 5.50872E-4               
7416.2173                5.499248E-4              
7438.623                 5.4958585E-4             
7461.0283                5.49855E-4               
7483.4346                5.507324E-4              
7505.8394                5.5221794E-4             
7528.2446                5.5431173E-4             
7550.651                 5.549165E-4              
7573.0557                5.480012E-4              
7595.4614                5.411451E-4              
7617.867                 5.3434866E-4             
7640.272                 5.276118E-4              
7662.6777                5.209341E-4              
7685.0835                5.1431614E-4             
7707.489                 5.077576E-4              
7729.8945                5.0125853E-4             
7752.3003                4.948188E-4              
7774.705                 4.884389E-4              
7797.111                 4.8211828E-4             
7819.5166                4.7585703E-4             
7841.9214                4.6965556E-4             
7864.327                 4.635134E-4              
7886.733                 4.5743058E-4             
7909.1377                4.5140757E-4             
7931.544                 4.4544373E-4             
7953.949                 4.3953952E-4             
7976.354                 4.3369492E-4             
7998.7603                4.2790954E-4             
8021.1655                4.221838E-4              
8043.5713                4.1651752E-4             
8065.9766                4.1091075E-4             
8088.3823                4.053633E-4              
8110.7876                3.9987563E-4             
8133.193                 3.944473E-4              
8155.5986                3.890783E-4              
8178.0044                3.8376896E-4             
8200.41                  3.7851906E-4             
8222.815                 3.733287E-4              
8245.221                 3.6819265E-4             
8267.626                 3.6310864E-4             
8290.031                 3.580892E-4              
8312.4375                3.5313427E-4             
8334.843                 3.4824412E-4             
8357.248                 3.4341827E-4             
8379.654                 3.3865694E-4             
8402.059                 3.339601E-4              
8424.465                 3.293273E-4              
8446.87                  3.2475885E-4             
8469.275                 3.2025465E-4             
8491.681                 3.1581428E-4             
8514.087                 3.1143805E-4             
8536.492                 3.0712577E-4             
8558.897                 3.0287736E-4             
8581.304                 2.9869264E-4             
8603.708                 2.9457186E-4             
8626.113                 2.9051464E-4             
8648.52                  2.8652092E-4             
8670.925                 2.8259092E-4             
8693.331                 2.7872418E-4             
8715.736                 2.7492095E-4             
8738.141                 2.7118114E-4             
8760.547                 2.675044E-4              
8782.952                 2.6389092E-4             
8805.357                 2.6034057E-4             
8827.764                 2.5685327E-4             
8850.169                 2.5342888E-4             
8872.574                 2.500676E-4              
8894.9795                2.4676905E-4             
8917.386                 2.4353323E-4             
8939.79                  2.4036027E-4             
8962.196                 2.372499E-4              
8984.602                 2.3420203E-4             
9007.007                 2.3121684E-4             
9029.413                 2.2829394E-4             
9051.818                 2.2543351E-4             
9074.225                 2.2263532E-4             
9096.629                 2.1989954E-4             
9119.034                 2.1722587E-4             
9141.44                  2.1461427E-4             
9163.846                 2.1206484E-4             
9186.251                 2.0957735E-4             
9208.657                 2.0715166E-4             
9231.062                 2.0478807E-4             
9253.467                 2.0248616E-4             
9275.874                 2.0024586E-4             
9298.278                 1.9806746E-4             
9320.685                 1.9595044E-4             
9343.09                  1.9389507E-4             
9365.494                 1.9190126E-4             
9387.901                 1.8996868E-4             
9410.307                 1.8809752E-4             
9432.712                 1.8628765E-4             
9455.117                 1.8453899E-4             
9477.522                 1.8285148E-4             
9499.929                 1.8122507E-4             
9522.334                 1.7965966E-4             
9544.739                 1.7815523E-4             
9567.145                 1.7671169E-4             
9589.55                  1.7532897E-4             
9611.955                 1.7400703E-4             
9634.361                 1.727458E-4              
9656.767                 1.7154521E-4             
9679.172                 1.704052E-4              
9701.577                 1.6932569E-4             
9723.982                 1.6830665E-4             
9746.388                 1.67348E-4               
9768.794                 1.6644968E-4             
9791.199                 1.6561162E-4             
9813.605                 1.6483373E-4             
9836.01                  1.6411606E-4             
9858.415                 1.6345843E-4             
9880.822                 1.6286079E-4             
9903.228                 1.6232312E-4             
9925.633                 1.6184537E-4             
9948.038                 1.6142744E-4             
9970.443                 1.6106927E-4             
9992.85                  1.6077083E-4             
10015.255                1.5997447E-4             
10037.66                 1.5892825E-4             
10060.065                1.5788431E-4             
10082.471                1.5684265E-4             
10104.876                1.5580328E-4             
10127.282                1.547662E-4              
10149.6875               1.5373138E-4             
10172.093                1.5269886E-4             
10194.498                1.5166862E-4             
10216.903                1.5064064E-4             
10239.309                1.4961493E-4             
10261.715                1.485915E-4              
10284.12                 1.4757033E-4             
10306.526                1.4655139E-4             
10328.931                1.455348E-4              
10351.336                1.4452043E-4             
10373.743                1.4350827E-4             
10396.147                1.4249847E-4             
10418.554                1.4149082E-4             
10440.959                1.4048547E-4             
10463.363                1.3948242E-4             
10485.77                 1.3848153E-4             
10508.176                1.3748293E-4             
10530.581                1.3648659E-4             
10552.986                1.3549248E-4             
10575.392                1.3450062E-4             
10597.797                1.3351098E-4             
10620.203                1.325236E-4              
10642.608                1.3153844E-4             
10665.014                1.3055553E-4             
10687.419                1.2957484E-4             
10709.824                1.2859638E-4             
10732.2295               1.2762015E-4             
10754.636                1.2664615E-4             
10777.041                1.2567436E-4             
10799.447                1.2470475E-4             
10821.852                1.2373745E-4             
10844.257                1.2277233E-4             
10866.664                1.21809375E-4            
10889.068                1.2084872E-4             
10911.475                1.19890195E-4            
10933.88                 1.1893392E-4             
10956.284                1.179799E-4              
10978.69                 1.1702799E-4             
11001.097                1.1607833E-4             
11023.502                1.1513087E-4             
11045.907                1.1418561E-4             
11068.3125               1.1324255E-4             
11090.718                1.12301685E-4            
11113.124                1.1136301E-4             
11135.529                1.1042653E-4             
11157.935                1.0949224E-4             
11180.34                 1.0856014E-4             
