% x                      y                        z                        
-30000.0                 -6.627727E-8             
-29698.492               -7.668419E-8             
-29396.984               -8.709111E-8             
-29095.477               -9.7498024E-8            
-28793.97                -1.07904874E-7           
-28492.463               -1.1831179E-7            
-28190.955               -1.2871871E-7            
-27889.447               -1.3912562E-7            
-27587.94                -1.4953254E-7            
-27286.432               -1.5993946E-7            
-26984.924               -1.7034637E-7            
-26683.418               -1.8075322E-7            
-26381.91                -1.9116014E-7            
-26080.402               -2.0156705E-7            
-25778.895               -2.1197397E-7            
-25477.387               -2.2238089E-7            
-25175.879               -2.327878E-7             
-24874.371               -2.431947E-7             
-24572.863               -2.5360163E-7            
-24271.357               -2.640085E-7             
-23969.85                -2.744154E-7             
-23668.342               -2.848223E-7             
-23366.834               -2.9522923E-7            
-23065.326               -3.0563615E-7            
-22763.818               -3.1604307E-7            
-22462.312               -3.264499E-7             
-22160.805               -3.3685683E-7            
-21859.297               -3.4726375E-7            
-21557.79                -3.5767067E-7            
-21256.281               -2.1872432E-7            
-20954.773               -2.7937492E-7            
-20653.266               -3.0897277E-7            
-20351.758               -3.3857063E-7            
-20050.25                -3.681685E-7             
-19748.744               -3.9776614E-7            
-19447.234               -4.273642E-7             
-19145.729               -4.5696186E-7            
-18844.223               -4.8655954E-7            
-18542.715               -5.161574E-7             
-18241.207               -5.4575526E-7            
-17939.7                 -5.753531E-7             
-17638.191               -6.0495097E-7            
-17336.684               -6.345488E-7             
-17035.176               -6.641467E-7             
-16733.668               -6.9374454E-7            
-16432.16                -7.233424E-7             
-16130.653               -7.5294014E-7            
-15829.1455              -7.82538E-7              
-15527.638               -8.1213585E-7            
-15226.131               -8.4173365E-7            
-14924.623               -8.713315E-7             
-14623.115               -9.0092936E-7            
-14321.608               -9.305271E-7             
-14020.1                 -1.385108E-6             
-13718.593               -1.4099481E-6            
-13417.086               -1.4347883E-6            
-13115.578               -1.5802541E-6            
-12814.07                -1.4051573E-6            
-12512.5625              -1.4046727E-6            
-12211.055               -1.4140901E-6            
-11909.549               -1.4348311E-6            
-11608.041               -1.4685859E-6            
-11306.531               -1.5173787E-6            
-11005.025               -1.5836533E-6            
-10703.518               -1.6703933E-6            
-10402.01                -2.2729762E-6            
-10100.502               -2.3829914E-6            
-9798.994                -2.5128788E-6            
-9497.488                -2.6648447E-6            
-9195.98                 -2.8414283E-6            
-8894.471                -3.0455626E-6            
-8592.965                -3.2806508E-6            
-8291.457                -3.550683E-6             
-7989.949                -3.8603484E-6            
-7688.4434               -3.1678E-6               
-7386.9336               -4.734963E-6             
-7085.4277               -5.1206525E-6            
-6783.92                 -4.1648054E-6            
-6482.412                -4.0141913E-6            
-6180.9043               -3.863577E-6             
-5879.3965               -3.712963E-6             
-5577.8906               -5.5891205E-6            
-5276.383                -5.7674533E-6            
-4974.873                -5.945787E-6             
-4673.367                -6.1241185E-6            
-4371.8594               3.7832292E-6             
-4070.3516               -4.6262444E-6            
-3768.8438               -2.1662166E-7            
-3467.336                6.1496876E-6             
-3165.83                 1.1803318E-5             
-2864.3223               1.5110869E-5             
-2562.8145               3.443651E-5              
-2261.3066               4.81914E-5               
-1959.7988               1.1297795E-4             
-1658.291                1.8425616E-4             
-1356.7852               2.9702255E-4             
-1055.2754               5.044274E-4              
-753.76953               7.601624E-4              
-452.26172               0.0010522193             
-150.7539                0.0013443638             
150.7539                 0.0013613129             
452.25977                0.0013470281             
753.76953                0.0010989                
1055.2773                8.064739E-4              
1356.7832                5.2462326E-4             
1658.291                 3.3801884E-4             
1959.8008                2.0913438E-4             
2261.3066                9.719415E-5              
2562.8145                2.9451681E-5             
2864.3203                3.696744E-5              
3165.8281                -1.8429586E-5            
3467.3398                -2.4642772E-5            
3768.8438                -3.0855797E-5            
4070.3516                -3.7068905E-5            
4371.8594                -4.0291747E-5            
4673.367                 -3.5261903E-5            
4974.875                 -3.0232057E-5            
5276.379                 -2.5202278E-5            
5577.8906                -2.145133E-5             
5879.3984                -2.0684316E-5            
6180.9023                -1.9917312E-5            
6482.414                 -1.9150288E-5            
6783.918                 -1.7686752E-5            
7085.426                 -1.576522E-5             
7386.9375                -1.17543905E-5           
7688.4414                -1.0301468E-5            
7989.949                 -1.262652E-5             
8291.457                 -1.1371291E-5            
8592.965                 -1.0231721E-5            
8894.473                 -9.194673E-6             
9195.98                  -8.248954E-6             
9497.488                 -7.3849615E-6            
9798.996                 -6.5944064E-6            
10100.5                  -5.8701044E-6            
10402.012                -5.2057508E-6            
10703.516                -3.8796857E-6            
11005.023                -3.7735742E-6            
11306.535                -3.6763347E-6            
11608.039                -3.5875803E-6            
11909.547                -3.5069393E-6            
12211.059                -3.4340637E-6            
12512.5625               -3.3686272E-6            
12814.07                 -3.3103152E-6            
13115.578                -3.2588337E-6            
13417.086                -3.2139028E-6            
13718.594                -3.2348196E-6            
14020.102                -2.6961693E-6            
14321.609                -2.5460247E-6            
14623.113                -2.3958821E-6            
14924.621                -2.2457375E-6            
15226.133                -2.0955908E-6            
15527.637                -1.9454483E-6            
15829.145                -1.7953035E-6            
16130.656                -1.4088788E-6            
16432.16                 -1.3673758E-6            
16733.668                -1.3258722E-6            
17035.176                -1.2843686E-6            
17336.684                -1.242865E-6             
17638.191                -1.2013614E-6            
17939.7                  -1.1598578E-6            
18241.207                -1.1183542E-6            
18542.715                -1.0768506E-6            
18844.219                -1.0353475E-6            
19145.73                 -9.938434E-7             
19447.234                -9.523404E-7             
19748.742                -9.108368E-7             
20050.254                -8.693326E-7             
20351.758                -8.278296E-7             
20653.266                -7.86326E-7              
20954.773                -7.448224E-7             
21256.281                -6.4620144E-7            
21557.79                 -6.2793737E-7            
21859.297                -6.096733E-7             
22160.805                -5.914092E-7             
22462.312                -5.7314514E-7            
22763.82                 -5.5488107E-7            
23065.328                -5.36617E-7              
23366.832                -5.1835315E-7            
23668.34                 -5.000891E-7             
23969.852                -4.8182477E-7            
24271.355                -4.6356092E-7            
24572.863                -4.4529685E-7            
24874.371                -4.2703277E-7            
25175.879                -4.087687E-7             
25477.387                -3.9050462E-7            
25778.895                -3.7224055E-7            
26080.402                -3.5397647E-7            
26381.91                 -3.357124E-7             
26683.418                -3.1744833E-7            
26984.926                -2.9918425E-7            
27286.43                 -2.809204E-7             
27587.941                -2.6265607E-7            
27889.45                 -2.44392E-7              
28190.953                -2.2612817E-7            
28492.46                 -2.0786409E-7            
28793.973                -1.8959979E-7            
29095.477                -1.7133594E-7            
29396.984                -1.5307187E-7            
29698.492                -1.3480779E-7            
30000.0                  -1.1654372E-7            
