% x                      y                        z                        
-30000.0                 -0.002320214             
-29698.492               -0.0023910797            
-29396.984               -0.0024636665            
-29095.477               -0.002537974             
-28793.97                -0.0026140017            
-28492.463               -0.0026659921            
-28190.955               -0.0027206205            
-27889.447               -0.0027793925            
-27587.94                -0.0028423085            
-27286.432               -0.0029093681            
-26984.924               -0.0029805717            
-26683.418               -0.0030559183            
-26381.91                -0.0031354092            
-26080.402               -0.0032190438            
-25778.895               -0.0033068224            
-25477.387               -0.0033987446            
-25175.879               -0.0034948105            
-24874.371               -0.0035950202            
-24572.863               -0.0036993737            
-24271.357               -0.0038078702            
-23969.85                -0.0039205113            
-23668.342               -0.004037296             
-23366.834               -0.0041582244            
-23065.326               -0.004283297             
-22763.818               -0.0044125128            
-22462.312               -0.004545872             
-22160.805               -0.0046833754            
-21859.297               -0.004831352             
-21557.79                -0.0049935016            
-21256.281               -0.005159662             
-20954.773               -0.0053683748            
-20653.266               -0.0055893483            
-20351.758               -0.005816258             
-20050.25                -0.006049193             
-19748.744               -0.0062849205            
-19447.234               -0.006488849             
-19145.729               -0.006691787             
-18844.223               -0.0069133844            
-18542.715               -0.007153642             
-18241.207               -0.007412559             
-17939.7                 -0.0076901354            
-17638.191               -0.0079863705            
-17336.684               -0.008301266             
-17035.176               -0.00863482              
-16733.668               -0.008987033             
-16432.16                -0.009357906             
-16130.653               -0.009747436             
-15829.1455              -0.0101556275            
-15527.638               -0.010582477             
-15226.131               -0.011027985             
-14924.623               -0.011492154             
-14623.115               -0.011974982             
-14321.608               -0.012523005             
-14020.1                 -0.013165375             
-13718.593               -0.013837587             
-13417.086               -0.014539646             
-13115.578               -0.015272358             
-12814.07                -0.016033586             
-12512.5625              -0.016822852             
-12211.055               -0.017681623             
-11909.549               -0.018598644             
-11608.041               -0.01956353              
-11306.531               -0.020559592             
-11005.025               -0.021606851             
-10703.518               -0.022709226             
-10402.01                -0.023777602             
-10100.502               -0.024958821             
-9798.994                -0.026326729             
-9497.488                -0.027893387             
-9195.98                 -0.02967224              
-8894.471                -0.031706247             
-8592.965                -0.033842865             
-8291.457                -0.03605285              
-7989.949                -0.03833658              
-7688.4434               -0.040671416             
-7386.9336               -0.043068245             
-7085.4277               -0.04552749              
-6783.92                 -0.048049208             
-6482.412                -0.05063337              
-6180.9043               -0.05365215              
-5879.3965               -0.057295576             
-5577.8906               -0.06092627              
-5276.383                -0.06461706              
-4974.873                -0.06903781              
-4673.367                -0.073466845             
-4371.8594               -0.07760829              
-4070.3516               -0.08181671              
-3768.8438               -0.08623137              
-3467.336                -0.090079956             
-3165.83                 -0.09241243              
-2864.3223               -0.09385629              
-2562.8145               -0.097528055             
-2261.3066               -0.1011001               
-1959.7988               -0.10519083              
-1658.291                -0.11368467              
-1356.7852               -0.124297835             
-1055.2754               -0.13927743              
-753.76953               -0.1207925               
-452.26172               0.062071115              
-150.7539                0.44770837               
150.7539                 0.8091982                
452.25977                1.0120718                
753.76953                1.0000957                
1055.2773                0.87483543               
1356.7832                0.716784                 
1658.291                 0.5872478                
1959.8008                0.48403418               
2261.3066                0.40636906               
2562.8145                0.34649864               
2864.3203                0.30262357               
3165.8281                0.26811197               
3467.3398                0.2446369                
3768.8438                0.22151956               
4070.3516                0.20122544               
4371.8594                0.18462873               
4673.367                 0.17092407               
4974.875                 0.15805748               
5276.379                 0.14638102               
5577.8906                0.1349146                
5879.3984                0.12391169               
6180.9023                0.11435531               
6482.414                 0.10620352               
6783.918                 0.099358305              
7085.426                 0.092870206              
7386.9375                0.08729503               
7688.4414                0.08211646               
7989.949                 0.077135324              
8291.457                 0.07235169               
8592.965                 0.067765534              
8894.473                 0.06316218               
9195.98                  0.058858592              
9497.488                 0.05508358               
9798.996                 0.051746186              
10100.5                  0.04881885               
10402.012                0.046276655              
10703.516                0.04400206               
11005.023                0.0417409                
11306.535                0.03961619               
11608.039                0.037625045              
11909.547                0.035764527              
12211.059                0.034031123              
12512.5625               0.032377664              
12814.07                 0.030796021              
13115.578                0.029286034              
13417.086                0.027847527              
13718.594                0.026480319              
14020.102                0.02518423               
14321.609                0.023959083              
14623.113                0.022806387              
14924.621                0.021743411              
15226.133                0.020720625              
15527.637                0.01973807               
15829.145                0.018828508              
16130.656                0.018089136              
16432.16                 0.017377492              
16733.668                0.01669355               
17035.176                0.016037319              
17336.684                0.015408796              
17638.191                0.014807985              
17939.7                  0.014234884              
18241.207                0.013689493              
18542.715                0.013172005              
18844.219                0.012686257              
19145.73                 0.01223363               
19447.234                0.011814147              
19748.742                0.011373055              
20050.254                0.010876494              
20351.758                0.010412338              
20653.266                0.009957591              
20954.773                0.009512141              
21256.281                0.009090896              
21557.79                 0.008766962              
21859.297                0.008451636              
22160.805                0.008182789              
22462.312                0.007930747              
22763.82                 0.007686263              
23065.328                0.0074493363             
23366.832                0.0072199698             
23668.34                 0.006998158              
23969.852                0.0067839012             
24271.355                0.0065772072             
24572.863                0.0063780686             
24874.371                0.006186487              
25175.879                0.006002463              
25477.387                0.005825997              
25778.895                0.005657088              
26080.402                0.005495737              
26381.91                 0.0053419434             
26683.418                0.0051957075             
26984.926                0.005057029              
27286.43                 0.00492591               
27587.941                0.004802345              
27889.45                 0.0046863393             
28190.953                0.0045778924             
28492.46                 0.0044770017             
28793.973                0.0043812515             
29095.477                0.004242952              
29396.984                0.0041062934             
29698.492                0.003971277              
30000.0                  0.003837903              
