% x                      y                        z                        
-30000.0                 -0.0041396604            
-29698.492               -0.004219778             
-29396.984               -0.004307683             
-29095.477               -0.0044033756            
-28793.97                -0.0045068543            
-28492.463               -0.0046181213            
-28190.955               -0.004737175             
-27889.447               -0.0048640165            
-27587.94                -0.0049986453            
-27286.432               -0.005141061             
-26984.924               -0.005291264             
-26683.418               -0.005449253             
-26381.91                -0.005615031             
-26080.402               -0.005788596             
-25778.895               -0.0059699477            
-25477.387               -0.006159087             
-25175.879               -0.0063560135            
-24874.371               -0.0065607275            
-24572.863               -0.0067732288            
-24271.357               -0.0069935154            
-23969.85                -0.007221591             
-23668.342               -0.007457454             
-23366.834               -0.007701104             
-23065.326               -0.007952541             
-22763.818               -0.008211766             
-22462.312               -0.008478777             
-22160.805               -0.008753575             
-21859.297               -0.009036162             
-21557.79                -0.009326535             
-21256.281               -0.009624696             
-20954.773               -0.009867015             
-20653.266               -0.010134516             
-20351.758               -0.010436473             
-20050.25                -0.010772885             
-19748.744               -0.0111437505            
-19447.234               -0.011549076             
-19145.729               -0.011988851             
-18844.223               -0.012463082             
-18542.715               -0.012971771             
-18241.207               -0.013514915             
-17939.7                 -0.014092514             
-17638.191               -0.01470457              
-17336.684               -0.01535108              
-17035.176               -0.016032046             
-16733.668               -0.016747467             
-16432.16                -0.017497346             
-16130.653               -0.018281674             
-15829.1455              -0.019100463             
-15527.638               -0.019953705             
-15226.131               -0.020841401             
-14924.623               -0.021763556             
-14623.115               -0.022720166             
-14321.608               -0.023711227             
-14020.1                 -0.02487443              
-13718.593               -0.026156325             
-13417.086               -0.027463175             
-13115.578               -0.028797532             
-12814.07                -0.030316573             
-12512.5625              -0.031916495             
-12211.055               -0.033602774             
-11909.549               -0.035381522             
-11608.041               -0.037259646             
-11306.531               -0.039244927             
-11005.025               -0.04134619              
-10703.518               -0.043573607             
-10402.01                -0.04606753              
-10100.502               -0.048819564             
-9798.994                -0.051789206             
-9497.488                -0.05498878              
-9195.98                 -0.058431886             
-8894.471                -0.062133484             
-8592.965                -0.066110045             
-8291.457                -0.07038003              
-7989.949                -0.074963965             
-7688.4434               -0.08009703              
-7386.9336               -0.0862714               
-7085.4277               -0.09305172              
-6783.92                 -0.10025881              
-6482.412                -0.107705325             
-6180.9043               -0.11553025              
-5879.3965               -0.123733595             
-5577.8906               -0.13334084              
-5276.383                -0.14403881              
-4974.873                -0.15565962              
-4673.367                -0.16820301              
-4371.8594               -0.18166924              
-4070.3516               -0.19613132              
-3768.8438               -0.21098053              
-3467.336                -0.226084                
-3165.83                 -0.24144158              
-2864.3223               -0.2596772               
-2562.8145               -0.27404717              
-2261.3066               -0.284073                
-1959.7988               -0.29069677              
-1658.291                -0.2899696               
-1356.7852               -0.28190142              
-1055.2754               -0.26100737              
-753.76953               -0.21709679              
-452.26172               -0.14122471              
-150.7539                -0.01987267              
150.7539                 0.13284455               
452.25977                0.30755845               
753.76953                0.46150193               
1055.2773                0.5755148                
1356.7832                0.6365548                
1658.291                 0.654957                 
1959.8008                0.6425387                
2261.3066                0.60695946               
2562.8145                0.5620704                
2864.3203                0.511137                 
3165.8281                0.46686774               
3467.3398                0.42345536               
3768.8438                0.3832291                
4070.3516                0.34618738               
4371.8594                0.3125894                
4673.367                 0.28270814               
4974.875                 0.25590944               
5276.379                 0.2321936                
5577.8906                0.21197075               
5879.3984                0.19379099               
6180.9023                0.17731881               
6482.414                 0.1625536                
6783.918                 0.14932647               
7085.426                 0.13673103               
7386.9375                0.12671918               
7688.4414                0.118171595              
7989.949                 0.10947245               
8291.457                 0.10132636               
8592.965                 0.093894295              
8894.473                 0.08712968               
9195.98                  0.08099082               
9497.488                 0.07544018               
9798.996                 0.07044383               
10100.5                  0.06597105               
10402.012                0.061993625              
10703.516                0.058589373              
11005.023                0.055630438              
11306.535                0.05277935               
11608.039                0.05003369               
11909.547                0.047390915              
12211.059                0.04484869               
12512.5625               0.042404864              
12814.07                 0.040057164              
13115.578                0.03780354               
13417.086                0.03564197               
13718.594                0.033570506              
14020.102                0.03167265               
14321.609                0.029958986              
14623.113                0.028382117              
14924.621                0.026942                 
15226.133                0.02563864               
15527.637                0.024472086              
15829.145                0.023442289              
16130.656                0.022547908              
16432.16                 0.021626582              
16733.668                0.020737175              
17035.176                0.019879697              
17336.684                0.019054148              
17638.191                0.01826053               
17939.7                  0.01749884               
18241.207                0.016769081              
18542.715                0.016071253              
18844.219                0.015405362              
19145.73                 0.014771383              
19447.234                0.014169351              
19748.742                0.013599241              
20050.254                0.013061053              
20351.758                0.012554809              
20653.266                0.012080489              
20954.773                0.011638097              
21256.281                0.011218492              
21557.79                 0.010853368              
21859.297                0.010502874              
22160.805                0.010161985              
22462.312                0.009830699              
22763.82                 0.009509018              
23065.328                0.00919694               
23366.832                0.00889447               
23668.34                 0.008601599              
23969.852                0.00831833               
24271.355                0.008044671              
24572.863                0.0077806134             
24874.371                0.007526159              
25175.879                0.0072813085             
25477.387                0.0070460625             
25778.895                0.00682042               
26080.402                0.0066043814             
26381.91                 0.0063979467             
26683.418                0.006201116              
26984.926                0.0060138893             
27286.43                 0.0058362684             
27587.941                0.0056682476             
27889.45                 0.0055098324             
28190.953                0.0053610234             
28492.46                 0.0052218162             
28793.973                0.005092211              
29095.477                0.0049722134             
29396.984                0.004861818              
29698.492                0.0047610267             
30000.0                  0.004669839              
