% x                      y                        z                        
-30000.0                 1.8000752E-5             
-29698.492               -6.5096965E-6            
-29396.984               -3.1441727E-5            
-29095.477               -5.679534E-5             
-28793.97                -8.257037E-5             
-28492.463               -1.0876715E-4            
-28190.955               -1.353855E-4             
-27889.447               -1.6242545E-4            
-27587.94                -1.8988697E-4            
-27286.432               -2.1777008E-4            
-26984.924               -2.4607478E-4            
-26683.418               -2.7480084E-4            
-26381.91                -3.039487E-4             
-26080.402               -3.3351814E-4            
-25778.895               -3.6350914E-4            
-25477.387               -3.9392174E-4            
-25175.879               -4.2475594E-4            
-24874.371               -4.560117E-4             
-24572.863               -4.8768905E-4            
-24271.357               -5.197878E-4             
-23969.85                -5.523083E-4             
-23668.342               -5.852504E-4             
-23366.834               -6.18614E-4              
-23065.326               -6.523993E-4             
-22763.818               -6.8660616E-4            
-22462.312               -7.2123436E-4            
-22160.805               -7.5628434E-4            
-21859.297               -7.917559E-4             
-21557.79                -8.276491E-4             
-21256.281               -8.6396385E-4            
-20954.773               -9.6034544E-4            
-20653.266               -0.0010577486            
-20351.758               -0.0011475434            
-20050.25                -0.0012297302            
-19748.744               -0.0013043083            
-19447.234               -0.0013712791            
-19145.729               -0.0014306408            
-18844.223               -0.0014823945            
-18542.715               -0.0015265404            
-18241.207               -0.001563078             
-17939.7                 -0.0015920075            
-17638.191               -0.0016133287            
-17336.684               -0.0016270417            
-17035.176               -0.0016331465            
-16733.668               -0.0016316432            
-16432.16                -0.0016225316            
-16130.653               -0.0016058119            
-15829.1455              -0.001581484             
-15527.638               -0.0015495479            
-15226.131               -0.0015100037            
-14924.623               -0.0014628512            
-14623.115               -0.0014080905            
-14321.608               -0.0013457218            
-14020.1                 -0.001234996             
-13718.593               -0.0010726512            
-13417.086               -8.8165974E-4            
-13115.578               -6.6226965E-4            
-12814.07                -4.2822276E-4            
-12512.5625              -1.6627327E-4            
-12211.055               1.254681E-4              
-11909.549               4.4911174E-4             
-11608.041               8.070366E-4              
-11306.531               0.0012019282             
-11005.025               0.0016368334             
-10703.518               0.0021152603             
-10402.01                0.0027161879             
-10100.502               0.0034819406             
-9798.994                0.0043993755             
-9497.488                0.0054770927             
-9195.98                 0.00672456               
-8894.471                0.008152203              
-8592.965                0.009771526              
-8291.457                0.011595377              
-7989.949                0.0136380615             
-7688.4434               0.01601412               
-7386.9336               0.018961022              
-7085.4277               0.022279838              
-6783.92                 0.026064973              
-6482.412                0.03052142               
-6180.9043               0.035614017              
-5879.3965               0.041342765              
-5577.8906               0.048150554              
-5276.383                0.056820545              
-4974.873                0.06736742               
-4673.367                0.079790965              
-4371.8594               0.09409139               
-4070.3516               0.111729965              
-3768.8438               0.1364183                
-3467.336                0.16819344               
-3165.83                 0.20705512               
-2864.3223               0.25536984               
-2562.8145               0.3246982                
-2261.3066               0.41573372               
-1959.7988               0.5385515                
-1658.291                0.7117105                
-1356.7852               0.9409191                
-1055.2754               1.2363775                
-753.76953               1.5843234                
-452.26172               1.9420525                
-150.7539                2.2252283                
150.7539                 2.372238                 
452.25977                2.342877                 
753.76953                2.157326                 
1055.2773                1.8931645                
1356.7832                1.5954847                
1658.291                 1.29851                  
1959.8008                1.0424222                
2261.3066                0.83473694               
2562.8145                0.6653727                
2864.3203                0.52710044               
3165.8281                0.42682198               
3467.3398                0.34298846               
3768.8438                0.27459264               
4070.3516                0.22163162               
4371.8594                0.18316013               
4673.367                 0.15132113               
4974.875                 0.12527947               
5276.379                 0.105035365              
5577.8906                0.08900198               
5879.3984                0.074745215              
6180.9023                0.06231395               
6482.414                 0.05170773               
6783.918                 0.042944048              
7085.426                 0.035948593              
7386.9375                0.030467957              
7688.4414                0.025633203              
7989.949                 0.021568965              
8291.457                 0.018035412              
8592.965                 0.014895235              
8894.473                 0.012122791              
9195.98                  0.009695108              
9497.488                 0.007591513              
9798.996                 0.005793317              
10100.5                  0.004283582              
10402.012                0.0030468106             
10703.516                0.0020865193             
11005.023                0.0013018498             
11306.535                5.962759E-4              
11608.039                -3.202858E-5             
11909.547                -5.8487046E-4            
12211.059                -0.0010639603            
12512.5625               -0.0014709303            
12814.07                 -0.0018073865            
13115.578                -0.0020748547            
13417.086                -0.0022748113            
13718.594                -0.002408681             
14020.102                -0.0025858036            
14321.609                -0.0027939307            
14623.113                -0.002966206             
14924.621                -0.0031026339            
15226.133                -0.0032032125            
15527.637                -0.0032679392            
15829.145                -0.0032968167            
16130.656                -0.003289541             
16432.16                 -0.0032365255            
16733.668                -0.0031774007            
17035.176                -0.0031121674            
17336.684                -0.0030408255            
17638.191                -0.0029633748            
17939.7                  -0.0028798156            
18241.207                -0.002790148             
18542.715                -0.0026943714            
18844.219                -0.0025924877            
19145.73                 -0.0024844925            
19447.234                -0.0023703917            
19748.742                -0.0022501808            
20050.254                -0.0021238597            
20351.758                -0.0019914333            
20653.266                -0.0018528965            
20954.773                -0.0017082512            
21256.281                -0.0015830079            
21557.79                 -0.0015191232            
21859.297                -0.0014582989            
22160.805                -0.0013980469            
22462.312                -0.001338367             
22763.82                 -0.0012792593            
23065.328                -0.001220724             
23366.832                -0.0011627616            
23668.34                 -0.0011053706            
23969.852                -0.0010485512            
24271.355                -9.923055E-4             
24572.863                -9.366313E-4             
24874.371                -8.815293E-4             
25175.879                -8.2699955E-4            
25477.387                -7.7304203E-4            
25778.895                -7.1965676E-4            
26080.402                -6.668437E-4             
26381.91                 -6.1460293E-4            
26683.418                -5.629344E-4             
26984.926                -5.11838E-4              
27286.43                 -4.613146E-4             
27587.941                -4.1136207E-4            
27889.45                 -3.6198247E-4            
28190.953                -3.131757E-4             
28492.46                 -2.6494055E-4            
28793.973                -2.17277E-4              
29095.477                -1.7018692E-4            
29396.984                -1.2366848E-4            
29698.492                -7.772225E-5             
30000.0                  -3.234827E-5             
