% x                      y                        z                        
5.77316E-14              4.7453223E-6             
22.40549                 9.842992E-6              
44.81098                 -2.6575339E-5            
67.21647                 -1.611013E-5             
89.62196                 -5.644917E-6             
112.02745                4.8202915E-6             
134.43294                -4.0389572E-5            
156.83844                -4.1539897E-5            
179.24393                8.463505E-6              
201.64943                1.1594299E-5             
224.0549                 1.4725092E-5             
246.4604                 2.3429911E-5             
268.86588                -1.4181885E-5            
291.2714                 -2.2298002E-5            
313.67688                -3.0414107E-5            
336.08237                -3.8530212E-5            
358.48785                -4.6646328E-5            
380.89334                -5.4762433E-5            
403.29886                -6.287855E-5             
425.7043                 -5.9823582E-5            
448.1098                 -5.0433933E-5            
470.5153                 -5.2800337E-5            
492.9208                 -4.042237E-5             
515.3263                 -2.8044396E-5            
537.73175                -1.5666463E-5            
560.13727                -3.2885114E-6            
582.5428                 9.089478E-6              
604.94824                2.1467411E-5             
627.35376                5.5849858E-5             
649.7592                 7.374277E-5              
672.16473                1.3971323E-4             
694.57025                1.6357769E-4             
716.9757                 1.8744216E-4             
739.38116                2.1130654E-4             
761.7867                 2.35171E-4               
784.19214                2.713929E-4              
806.5977                 3.041241E-4              
829.0032                 3.3685513E-4             
851.4086                 4.25638E-4               
873.8142                 4.2342057E-4             
896.2196                 4.4391665E-4             
918.6251                 4.8863015E-4             
941.0306                 5.1402673E-4             
963.4361                 5.404158E-4              
985.8416                 5.668049E-4              
1008.2471                5.7294586E-4             
1030.6526                5.838055E-4              
1053.0581                5.946651E-4              
1075.4635                6.0552475E-4             
1097.869                 6.163844E-4              
1120.2745                6.27244E-4               
1142.68                  5.737234E-4              
1165.0856                5.5702246E-4             
1187.4911                5.229451E-4              
1209.8965                5.042516E-4              
1232.3019                4.8555824E-4             
1254.7075                4.6686473E-4             
1277.1129                4.309261E-4              
1299.5184                3.9227822E-4             
1321.924                 3.536301E-4              
1344.3295                3.1498223E-4             
1366.735                 2.6156957E-4             
1389.1405                2.5456806E-4             
1411.5459                2.4756655E-4             
1433.9514                2.40565E-4               
1456.3569                2.3356349E-4             
1478.7623                2.0724711E-4             
1501.168                 1.9156835E-4             
1523.5734                1.7588968E-4             
1545.9789                1.60045E-4               
1568.3843                1.3403573E-4             
1590.7899                1.2481003E-4             
1613.1954                1.1558435E-4             
1635.6007                1.0635878E-4             
1658.0063                9.713309E-5              
1680.4119                8.79074E-5               
1702.8173                7.868183E-5              
1725.2228                6.945614E-5              
1747.6284                6.023045E-5              
1770.0337                5.4025822E-5             
1792.4392                5.5586486E-5             
1814.8447                5.9354206E-5             
1837.2502                5.48045E-5               
1859.6558                5.0254825E-5             
1882.0612                4.5705146E-5             
1904.4668                5.384314E-5              
1926.8722                5.1281262E-5             
1949.2777                4.8719383E-5             
1971.6832                4.6157485E-5             
1994.0885                4.359562E-5              
2016.4941                4.1033723E-5             
2038.8997                3.847183E-5              
2061.3052                3.5909932E-5             
2083.7107                4.048868E-5              
2106.1162                3.6337307E-5             
2128.5217                5.971696E-5              
2150.927                 6.038835E-5              
2173.3328                6.105974E-5              
2195.738                 6.173114E-5              
2218.1436                6.240253E-5              
2240.549                 3.683645E-5              
2262.9546                3.719248E-5              
2285.36                  3.7548507E-5             
2307.7654                3.7904534E-5             
2330.1711                3.8260565E-5             
2352.5767                3.8616592E-5             
2374.9822                3.897262E-5              
2397.3875                3.9328646E-5             
2419.793                 3.9684674E-5             
2442.1985                4.00407E-5               
2464.6038                4.0396728E-5             
2487.0095                4.075276E-5              
2509.415                 4.1108786E-5             
2531.8206                4.1464813E-5             
2554.2258                4.182084E-5              
2576.6316                4.217687E-5              
2599.0369                4.9966584E-5             
2621.4424                4.4424345E-5             
2643.848                 3.8882175E-5             
2666.2534                3.4525052E-5             
2688.659                 3.49451E-5               
2711.0642                3.536515E-5              
2733.47                  3.5785204E-5             
2755.8755                3.6205252E-5             
2778.281                 3.66253E-5               
2800.6863                3.704535E-5              
2823.0918                3.7465397E-5             
2845.4976                3.788545E-5              
2867.9028                3.6597186E-5             
2890.308                 3.6539626E-5             
2912.7139                3.648207E-5              
2935.1194                3.642451E-5              
2957.5247                3.6366953E-5             
2979.9304                3.6309393E-5             
3002.336                 3.6251833E-5             
3024.741                 3.6194277E-5             
3047.1467                3.6136717E-5             
3069.5522                3.607916E-5              
3091.9578                3.60216E-5               
3114.3633                3.596404E-5              
3136.7686                3.9566192E-5             
3159.174                 3.7831116E-5             
3181.5798                3.609602E-5              
3203.985                 3.4360943E-5             
3226.3909                3.2625845E-5             
3248.7964                3.089077E-5              
3271.2014                2.9155713E-5             
3293.6072                2.7420616E-5             
3316.0127                2.5685538E-5             
3338.4182                2.3950462E-5             
3360.8237                1.9885189E-5             
3383.229                 1.9916504E-5             
3405.6345                1.994782E-5              
3428.04                  1.9979138E-5             
3450.4456                2.0010453E-5             
3472.851                 2.004177E-5              
3495.2568                2.0073086E-5             
3517.6619                2.0104402E-5             
3540.0674                2.013572E-5              
3562.4731                2.0167035E-5             
3584.8784                2.0198353E-5             
3607.284                 2.0229669E-5             
3629.6895                2.0260984E-5             
3652.095                 2.0292302E-5             
3674.5005                2.0323618E-5             
3696.906                 2.0354935E-5             
3719.3115                2.0386251E-5             
3741.7173                2.0760615E-5             
3764.1223                2.0928208E-5             
3786.5278                2.1095802E-5             
3808.9336                2.1263399E-5             
3831.3389                1.6221882E-5             
3853.7444                1.6262858E-5             
3876.1501                1.6303837E-5             
3898.5554                1.4999877E-5             
3920.9607                1.5030668E-5             
3943.3665                1.506146E-5              
3965.772                 1.5092251E-5             
3988.177                 1.51230415E-5            
4010.5828                1.5153833E-5             
4032.9883                1.5184625E-5             
4055.3938                1.5215416E-5             
4077.7993                1.5246208E-5             
4100.205                 1.5276999E-5             
4122.6104                1.530779E-5              
4145.0156                1.5338583E-5             
4167.4214                1.5369373E-5             
4189.827                 1.5400165E-5             
4212.2324                1.5430956E-5             
4234.6377                1.4856297E-5             
4257.0435                1.4423181E-5             
4279.4487                1.3990069E-5             
4301.854                 1.3556958E-5             
4324.26                  1.3123841E-5             
4346.6655                1.2690731E-5             
4369.0703                1.2257625E-5             
4391.476                 1.1824508E-5             
4413.882                 1.1391397E-5             
4436.287                 1.0958285E-5             
4458.693                 9.884141E-6              
4481.098                 9.25592E-6               
4503.5034                1.1344444E-5             
4525.909                 1.0171391E-5             
4548.3145                1.0039068E-5             
4570.72                  9.906744E-6              
4593.1255                9.774421E-6              
4615.531                 9.642099E-6              
4637.937                 9.509772E-6              
4660.3423                9.377449E-6              
4682.747                 9.245129E-6              
4705.1533                9.112802E-6              
4727.5586                8.980479E-6              
4749.9644                8.848156E-6              
4772.3696                8.715832E-6              
4794.775                 8.583509E-6              
4817.1807                8.451186E-6              
4839.586                 8.3188625E-6             
4861.991                 8.18654E-6               
4884.397                 8.054217E-6              
4906.8027                7.92189E-6               
4929.2075                7.78957E-6               
4951.614                 7.657243E-6              
4974.019                 7.52492E-6               
4996.425                 7.392597E-6              
5018.83                  6.920682E-6              
5041.2354                6.7868673E-6             
5063.641                 6.653052E-6              
5086.0464                6.519237E-6              
5108.4517                6.385422E-6              
5130.8574                6.2516065E-6             
5153.263                 6.1177884E-6             
5175.668                 5.9839763E-6             
5198.0737                5.8501614E-6             
5220.4795                5.716343E-6              
5242.885                 5.5825276E-6             
5265.2905                5.4487127E-6             
5287.696                 5.3148974E-6             
5310.1016                5.1810825E-6             
5332.507                 5.047267E-6              
5354.912                 4.913452E-6              
5377.318                 4.779637E-6              
5399.7236                4.6458185E-6             
5422.1284                4.512007E-6              
5444.534                 4.3781915E-6             
5466.94                  4.244373E-6              
5489.345                 4.110558E-6              
5511.751                 3.976743E-6              
5534.1562                3.8429275E-6             
5556.562                 3.773209E-6              
5578.9673                3.7964655E-6             
5601.3726                3.8197218E-6             
5623.779                 3.842979E-6              
5646.1836                3.8662347E-6             
5668.589                 3.889491E-6              
5690.995                 3.9127476E-6             
5713.4                   3.936004E-6              
5735.8057                3.9592605E-6             
5758.2114                3.982517E-6              
5780.616                 4.0057726E-6             
5803.022                 4.0290297E-6             
5825.4277                4.052286E-6              
5847.833                 4.075542E-6              
5870.239                 4.098799E-6              
5892.6445                4.1220555E-6             
5915.0493                4.1453113E-6             
5937.455                 4.168568E-6              
5959.861                 4.1918247E-6             
5982.2656                4.2150805E-6             
6004.672                 4.2383376E-6             
6027.077                 3.5065352E-6             
6049.482                 3.4549075E-6             
6071.888                 3.4032776E-6             
6094.2935                3.3516487E-6             
6116.699                 3.3000201E-6             
6139.1045                3.2483913E-6             
6161.51                  3.1967625E-6             
6183.9155                3.1451336E-6             
6206.321                 3.093505E-6              
6228.7266                3.0418748E-6             
6251.132                 2.9902474E-6             
6273.537                 2.9386185E-6             
6295.943                 2.8869886E-6             
6318.348                 2.835361E-6              
6340.754                 2.783731E-6              
6363.1597                2.7321023E-6             
6385.5645                2.6804746E-6             
6407.97                  2.6288446E-6             
6430.376                 2.5772158E-6             
6452.7817                2.5255858E-6             
6475.1865                2.4739584E-6             
6497.593                 2.4223284E-6             
6519.998                 2.3706996E-6             
6542.403                 2.319072E-6              
6564.809                 2.267442E-6              
6587.2144                2.2158133E-6             
6609.6196                2.1641845E-6             
6632.0254                2.1125556E-6             
6654.431                 2.0609257E-6             
6676.8364                2.0092982E-6             
6699.2417                1.9576694E-6             
6721.6475                1.9060393E-6             
6744.0527                1.8544118E-6             
6766.458                 1.802783E-6              
6788.864                 1.7511529E-6             
6811.269                 1.6995255E-6             
6833.675                 1.6478954E-6             
6856.08                  1.5962667E-6             
6878.4854                1.5446391E-6             
6900.891                 1.4930091E-6             
6923.297                 1.4413803E-6             
6945.702                 1.3897516E-6             
6968.1074                1.5574919E-6             
6990.5137                1.5311257E-6             
7012.9185                1.5047606E-6             
7035.3237                1.4783949E-6             
7057.73                  1.4520285E-6             
7080.135                 1.4256635E-6             
7102.5405                1.3992972E-6             
7124.9463                1.3729315E-6             
7147.351                 1.3465665E-6             
7169.757                 1.3202001E-6             
7192.1626                1.3099013E-6             
7214.568                 1.3054448E-6             
7236.9736                1.3009883E-6             
7259.379                 1.2965317E-6             
7281.784                 1.2920751E-6             
7304.19                  1.2876186E-6             
7326.5957                1.2831619E-6             
7349.001                 1.2787053E-6             
7371.4062                1.2742489E-6             
7393.812                 1.2697922E-6             
7416.2173                1.2653356E-6             
7438.623                 1.2608791E-6             
7461.0283                1.2564226E-6             
7483.4346                1.2519658E-6             
7505.8394                1.2475094E-6             
7528.2446                1.2430529E-6             
7550.651                 1.2385962E-6             
7573.0557                1.2341397E-6             
7595.4614                1.2296831E-6             
7617.867                 1.2252265E-6             
7640.272                 1.2207701E-6             
7662.6777                1.2163134E-6             
7685.0835                1.2118569E-6             
7707.489                 1.2074003E-6             
7729.8945                8.683188E-7              
7752.3003                8.655052E-7              
7774.705                 8.626917E-7              
7797.111                 8.598782E-7              
7819.5166                8.5706455E-7             
7841.9214                7.102575E-7              
7864.327                 7.0635724E-7             
7886.733                 7.0245693E-7             
7909.1377                6.985568E-7              
7931.544                 6.946565E-7              
7953.949                 6.907563E-7              
7976.354                 6.8685614E-7             
7998.7603                6.8295583E-7             
8021.1655                6.790556E-7              
8043.5713                6.751554E-7              
8065.9766                6.712551E-7              
8088.3823                6.673548E-7              
8110.7876                6.6345467E-7             
8133.193                 6.595545E-7              
8155.5986                6.556541E-7              
8178.0044                6.517539E-7              
8200.41                  6.4785365E-7             
8222.815                 6.4395346E-7             
8245.221                 6.4005314E-7             
8267.626                 6.36153E-7               
8290.031                 6.3225275E-7             
8312.4375                6.2835244E-7             
8334.843                 6.244523E-7              
8357.248                 8.621279E-7              
8379.654                 8.5824377E-7             
8402.059                 8.5435977E-7             
8424.465                 8.5047554E-7             
8446.87                  8.4659143E-7             
8469.275                 8.4270744E-7             
8491.681                 8.388232E-7              
8514.087                 8.349391E-7              
8536.492                 8.31055E-7               
8558.897                 8.271709E-7              
8581.304                 8.232867E-7              
8603.708                 8.194027E-7              
8626.113                 8.155186E-7              
8648.52                  8.116344E-7              
8670.925                 8.077504E-7              
8693.331                 8.0386616E-7             
8715.736                 6.768484E-7              
8738.141                 6.6811697E-7             
8760.547                 6.5938474E-7             
8782.952                 6.5065245E-7             
8805.357                 6.419199E-7              
8827.764                 6.3318697E-7             
8850.169                 6.244536E-7              
8872.574                 6.157203E-7              
8894.9795                6.0698653E-7             
8917.386                 5.982523E-7              
8939.79                  5.8951815E-7             
8962.196                 5.8078354E-7             
8984.602                 5.7204846E-7             
9007.007                 5.633135E-7              
9029.413                 5.5457787E-7             
9051.818                 5.4584217E-7             
9074.225                 5.3710596E-7             
9096.629                 5.283699E-7              
9119.034                 5.1963343E-7             
9141.44                  5.108965E-7              
9163.846                 5.0215965E-7             
9186.251                 5.078328E-7              
9208.657                 5.0067837E-7             
9231.062                 4.935246E-7              
9253.467                 4.863704E-7              
9275.874                 4.792159E-7              
9298.278                 4.7206194E-7             
9320.685                 4.6490726E-7             
9343.09                  4.5775286E-7             
9365.494                 4.505988E-7              
9387.901                 4.4344398E-7             
9410.307                 4.3628947E-7             
9432.712                 4.2913493E-7             
9455.117                 4.2198036E-7             
9477.522                 4.1482576E-7             
9499.929                 4.076711E-7              
9522.334                 4.0051646E-7             
9544.739                 3.9336177E-7             
9567.145                 3.8620706E-7             
9589.55                  3.7905235E-7             
9611.955                 3.718976E-7              
9634.361                 3.6474285E-7             
9656.767                 3.5758808E-7             
9679.172                 3.504333E-7              
9701.577                 3.4327854E-7             
9723.982                 3.3612378E-7             
9746.388                 3.2896898E-7             
9768.794                 3.218142E-7              
9791.199                 3.1465945E-7             
9813.605                 3.0750434E-7             
9836.01                  3.0034994E-7             
9858.415                 2.931952E-7              
9880.822                 2.8604012E-7             
9903.228                 2.7888544E-7             
9925.633                 2.7173076E-7             
9948.038                 2.6457607E-7             
9970.443                 2.5742145E-7             
9992.85                  2.5026685E-7             
10015.255                2.8403784E-7             
10037.66                 2.8221797E-7             
10060.065                2.8039727E-7             
10082.471                2.785757E-7              
10104.876                2.767533E-7              
10127.282                2.7493004E-7             
10149.6875               2.7310594E-7             
10172.093                2.7128098E-7             
10194.498                2.694552E-7              
10216.903                2.6762856E-7             
10239.309                2.658011E-7              
10261.715                2.639728E-7              
10284.12                 2.6214366E-7             
10306.526                2.6031358E-7             
10328.931                2.5848288E-7             
10351.336                2.5665122E-7             
10373.743                2.5481867E-7             
10396.147                2.5298544E-7             
10418.554                2.5115122E-7             
10440.959                2.4931626E-7             
10463.363                2.4748056E-7             
10485.77                 2.4564386E-7             
10508.176                2.4380643E-7             
10530.581                2.4196817E-7             
10552.986                2.3303353E-7             
10575.392                2.3123638E-7             
10597.797                2.2943777E-7             
10620.203                2.2763768E-7             
10642.608                2.2583615E-7             
10665.014                2.2403316E-7             
10687.419                2.222287E-7              
10709.824                2.204228E-7              
10732.2295               2.1861545E-7             
10754.636                2.1680667E-7             
10777.041                2.1499643E-7             
10799.447                2.1318468E-7             
10821.852                2.1137166E-7             
10844.257                2.0955711E-7             
10866.664                2.0774105E-7             
10889.068                2.0592374E-7             
10911.475                2.0410484E-7             
10933.88                 1.8942917E-7             
10956.284                1.8858776E-7             
10978.69                 1.8774627E-7             
11001.097                1.8690481E-7             
11023.502                1.8606336E-7             
11045.907                1.8522192E-7             
11068.3125               1.8438047E-7             
11090.718                1.8353902E-7             
11113.124                1.8269756E-7             
11135.529                1.8185611E-7             
11157.935                1.8101466E-7             
11180.34                 1.801732E-7              
