% x                      y                        z                        
5.024296E-14             4.770772E-5              
22.40549                 1.6917162E-5             
44.81098                 -1.3873396E-5            
67.21647                 -4.4663946E-5            
89.62196                 -7.545451E-5             
112.02745                -1.0624506E-4            
134.43294                -1.3703562E-4            
156.83844                -1.6782618E-4            
179.24393                -1.9861675E-4            
201.64943                -2.294073E-4             
224.0549                 -2.6019785E-4            
246.4604                 -2.9098842E-4            
268.86588                -3.2177896E-4            
291.2714                 -3.5256954E-4            
313.67688                -3.8336008E-4            
336.08237                -1.8115912E-4            
358.48785                -1.9449274E-4            
380.89334                -5.776115E-4             
403.29886                -6.51754E-4              
425.7043                 -4.464946E-4             
448.1098                 -5.022679E-4             
470.5153                 -5.580411E-4             
492.9208                 -6.138144E-4             
515.3263                 -6.695877E-4             
537.73175                -7.2536076E-4            
560.13727                -7.81134E-4              
582.5428                 -8.3690736E-4            
604.94824                -8.926805E-4             
627.35376                -9.484538E-4             
649.7592                 -0.0010042269            
672.16473                -0.0010600002            
694.57025                -0.0011157735            
716.9757                 -0.0011715468            
739.38116                -0.0014514943            
761.7867                 -0.0014829402            
784.19214                -0.0015143858            
806.5977                 -0.0015458318            
829.0032                 -0.0015772774            
851.4086                 -0.0016087232            
873.8142                 -0.0016401691            
896.2196                 -0.0016716148            
918.6251                 -0.0017030606            
941.0306                 -0.0017345063            
963.4361                 -0.0017659521            
985.8416                 -0.001797398             
1008.2471                -0.0018288436            
1030.6526                -0.0018602896            
1053.0581                -0.0019110327            
1075.4635                -0.0019222724            
1097.869                 -0.001933512             
1120.2745                -0.0019447517            
1142.68                  -0.0019559914            
1165.0856                -0.0019672313            
1187.4911                -0.001978471             
1209.8965                -0.0019897106            
1232.3019                -0.0020009503            
1254.7075                -0.00201219              
1277.1129                -0.0020234296            
1299.5184                -0.0020346693            
1321.924                 -0.0020459092            
1344.3295                -0.0019422525            
1366.735                 -0.0018973246            
1389.1405                -0.001852397             
1411.5459                -0.0018074694            
1433.9514                -0.0017625415            
1456.3569                -0.0017176139            
1478.7623                -0.0016726863            
1501.168                 -0.0016277584            
1523.5734                -0.0014472384            
1545.9789                -0.0014208123            
1568.3843                -0.0013943863            
1590.7899                -0.0013679601            
1613.1954                -0.001341534             
1635.6007                -0.0013151082            
1658.0063                -0.0012886819            
1680.4119                -0.0012622557            
1702.8173                -0.0012358299            
1725.2228                -0.0012094037            
1747.6284                -0.0011829776            
1770.0337                -0.0011565516            
1792.4392                -0.0011301255            
1814.8447                -0.0011036994            
1837.2502                -0.0010772733            
1859.6558                -9.067273E-4             
1882.0612                -8.8840025E-4            
1904.4668                -8.700731E-4             
1926.8722                -8.51746E-4              
1949.2777                -8.33419E-4              
1971.6832                -8.150918E-4             
1994.0885                -7.9676486E-4            
2016.4941                -7.784377E-4             
2038.8997                -7.601105E-4             
2061.3052                -7.4178335E-4            
2083.7107                -7.234564E-4             
2106.1162                -7.0512923E-4            
2128.5217                -6.868022E-4             
2150.927                 -6.456087E-4             
2173.3328                -6.22309E-4              
2195.738                 -5.990094E-4             
2218.1436                -5.7570974E-4            
2240.549                 -5.5241014E-4            
2262.9546                -5.2911043E-4            
2285.36                  -5.0581066E-4            
2307.7654                -4.825112E-4             
2330.1711                -4.5921133E-4            
2352.5767                -4.359117E-4             
2374.9822                -4.126121E-4             
2397.3875                -3.6943553E-4            
2419.793                 -3.6079696E-4            
2442.1985                -3.5215841E-4            
2464.6038                -3.4351985E-4            
2487.0095                -3.348812E-4             
2509.415                 -3.2624265E-4            
2531.8206                -3.1760408E-4            
2554.2258                -3.0896554E-4            
2576.6316                -3.0032688E-4            
2599.0369                -2.9168843E-4            
2621.4424                -2.8304977E-4            
2643.848                 -2.7441123E-4            
2666.2534                -2.6577266E-4            
2688.659                 -2.5713412E-4            
2711.0642                -2.4849555E-4            
2733.47                  -2.3985689E-4            
2755.8755                -2.3121834E-4            
2778.281                 -2.2257978E-4            
2800.6863                -2.1394122E-4            
2823.0918                -2.0168674E-4            
2845.4976                -1.9517528E-4            
2867.9028                -1.8866391E-4            
2890.308                 -1.8215261E-4            
2912.7139                -1.4204685E-4            
2935.1194                -1.4000181E-4            
2957.5247                -1.3795677E-4            
2979.9304                -1.359117E-4             
3002.336                 -1.3386666E-4            
3024.741                 -1.3182165E-4            
3047.1467                -1.2977658E-4            
3069.5522                -1.2773155E-4            
3091.9578                -1.256865E-4             
3114.3633                -1.2364144E-4            
3136.7686                -1.2159642E-4            
3159.174                 -1.3032375E-4            
3181.5798                -1.2719208E-4            
3203.985                 -1.2406045E-4            
3226.3909                -1.2092877E-4            
3248.7964                -1.17797135E-4           
3271.2014                -1.1466554E-4            
3293.6072                -1.1153387E-4            
3316.0127                -1.0840223E-4            
3338.4182                -1.052706E-4             
3360.8237                -1.02138925E-4           
3383.229                 -9.9007324E-5            
3405.6345                -9.587569E-5             
3428.04                  -9.274401E-5             
3450.4456                -8.961238E-5             
3472.851                 -8.6480744E-5            
3495.2568                -8.334907E-5             
3517.6619                -8.021747E-5             
3540.0674                -7.708584E-5             
3562.4731                -7.3954165E-5            
3584.8784                -7.082253E-5             
3607.284                 -6.769089E-5             
3629.6895                -6.455926E-5             
3652.095                 -6.142762E-5             
3674.5005                -5.8295947E-5            
3696.906                 -5.516431E-5             
3719.3115                -5.2032676E-5            
3741.7173                -4.8901E-5               
3764.1223                -4.5769404E-5            
3786.5278                -5.987406E-5             
3808.9336                -5.7462137E-5            
3831.3389                -5.5050245E-5            
3853.7444                -5.2638352E-5            
3876.1501                -5.022643E-5             
3898.5554                -4.7814567E-5            
3920.9607                -4.5402674E-5            
3943.3665                -4.2599713E-5            
3965.772                 -4.187143E-5             
3988.177                 -4.1143157E-5            
4010.5828                -4.0414863E-5            
4032.9883                -3.9686583E-5            
4055.3938                -3.89583E-5              
4077.7993                -3.823001E-5             
4100.205                 -3.4963075E-5            
4122.6104                -3.4248784E-5            
4145.0156                -3.3534514E-5            
4167.4214                -3.2820233E-5            
4189.827                 -3.2105945E-5            
4212.2324                -3.1391664E-5            
4234.6377                -3.067739E-5             
4257.0435                -2.9963101E-5            
4279.4487                -2.9248822E-5            
4301.854                 -2.8534541E-5            
4324.26                  -2.7820251E-5            
4346.6655                -2.710597E-5             
4369.0703                -2.6391699E-5            
4391.476                 -2.5677411E-5            
4413.882                 -2.496313E-5             
4436.287                 -2.424885E-5             
4458.693                 -2.353456E-5             
4481.098                 -2.2820288E-5            
4503.5034                -2.2106007E-5            
4525.909                 -2.139172E-5             
4548.3145                -2.0275605E-5            
4570.72                  -1.991364E-5             
4593.1255                -1.9551682E-5            
4615.531                 -1.9189722E-5            
4637.937                 -1.882775E-5             
4660.3423                -1.846579E-5             
4682.747                 -1.8103836E-5            
4705.1533                -1.7741866E-5            
4727.5586                -1.7379904E-5            
4749.9644                -1.7017943E-5            
4772.3696                -1.665598E-5             
4794.775                 -1.629402E-5             
4817.1807                -1.5175555E-5            
4839.586                 -1.4961624E-5            
4861.991                 -1.4747693E-5            
4884.397                 -1.4533763E-5            
4906.8027                -1.4319827E-5            
4929.2075                -1.4105902E-5            
4951.614                 -1.3891966E-5            
4974.019                 -1.36780345E-5           
4996.425                 -1.3464104E-5            
5018.83                  -1.3250174E-5            
5041.2354                -1.3036243E-5            
5063.641                 -1.2822312E-5            
5086.0464                -1.2608381E-5            
5108.4517                -1.2394451E-5            
5130.8574                -1.2180521E-5            
5153.263                 -1.1966585E-5            
5175.668                 -1.1752659E-5            
5198.0737                -1.1538728E-5            
5220.4795                -1.13247925E-5           
5242.885                 -1.1110862E-5            
5265.2905                -1.0896931E-5            
5287.696                 -1.0683E-5               
5310.1016                -1.046907E-5             
5332.507                 -1.0255139E-5            
5354.912                 -1.0041208E-5            
5377.318                 -9.827278E-6             
5399.7236                -9.613342E-6             
5422.1284                -9.399417E-6             
5444.534                 -9.185485E-6             
5466.94                  -8.97155E-6              
5489.345                 -8.757619E-6             
5511.751                 -8.543689E-6             
5534.1562                -8.329758E-6             
5556.562                 -8.115828E-6             
5578.9673                -7.901896E-6             
5601.3726                -7.687966E-6             
5623.779                 -7.47403E-6              
5646.1836                -7.2601047E-6            
5668.589                 -7.0461742E-6            
5690.995                 -6.7116794E-6            
5713.4                   -6.6408506E-6            
5735.8057                -6.5700183E-6            
5758.2114                -6.4991877E-6            
5780.616                 -6.4283586E-6            
5803.022                 -6.357526E-6             
5825.4277                -6.2866957E-6            
5847.833                 -6.215865E-6             
5870.239                 -6.1450346E-6            
5892.6445                -6.0742022E-6            
5915.0493                -6.0033735E-6            
5937.455                 -5.932543E-6             
5959.861                 -5.8617106E-6            
5982.2656                -5.790882E-6             
6004.672                 -5.7200496E-6            
6027.077                 -5.649219E-6             
6049.482                 -5.5783903E-6            
6071.888                 -5.507558E-6             
6094.2935                -5.4367274E-6            
6116.699                 -5.365897E-6             
6139.1045                -5.2950663E-6            
6161.51                  -5.224236E-6             
6183.9155                -5.1534053E-6            
6206.321                 -5.0825747E-6            
6228.7266                -5.0117424E-6            
6251.132                 -4.940913E-6             
6273.537                 -4.8700826E-6            
6295.943                 -4.7992507E-6            
6318.348                 -4.7284216E-6            
6340.754                 -4.657589E-6             
6363.1597                -4.5867587E-6            
6385.5645                -4.51593E-6              
6407.97                  -4.4450976E-6            
6430.376                 -4.374267E-6             
6452.7817                -4.3034347E-6            
6475.1865                -4.232606E-6             
6497.593                 -4.1617736E-6            
6519.998                 -4.090943E-6             
6542.403                 -4.0201144E-6            
6564.809                 -3.949282E-6             
6587.2144                -3.8784515E-6            
6609.6196                -3.807621E-6             
6632.0254                -3.7367904E-6            
6654.431                 -3.665958E-6             
6676.8364                -3.595129E-6             
6699.2417                -3.5242986E-6            
6721.6475                -3.4534662E-6            
6744.0527                -3.3826375E-6            
6766.458                 -3.311807E-6             
6788.864                 -3.2409746E-6            
6811.269                 -3.1701459E-6            
6833.675                 -3.0993135E-6            
6856.08                  -3.028483E-6             
6878.4854                -2.957654E-6             
6900.891                 -2.8868217E-6            
6923.297                 -2.8159911E-6            
6945.702                 -2.7451606E-6            
6968.1074                -2.67433E-6              
6990.5137                -2.6034977E-6            
7012.9185                -2.532669E-6             
7035.3237                -2.4618384E-6            
7057.73                  -2.391006E-6             
7080.135                 -2.7905905E-6            
7102.5405                -2.7339831E-6            
7124.9463                -2.677377E-6             
7147.351                 -2.6207724E-6            
7169.757                 -2.564165E-6             
7192.1626                -2.5075592E-6            
7214.568                 -2.4509532E-6            
7236.9736                -2.3943471E-6            
7259.379                 -2.337741E-6             
7281.784                 -2.281135E-6             
7304.19                  -2.2245292E-6            
7326.5957                -2.1679218E-6            
7349.001                 -2.1113158E-6            
7371.4062                -2.054711E-6             
7393.812                 -1.9981037E-6            
7416.2173                -1.9414977E-6            
7438.623                 -1.8848917E-6            
7461.0283                -1.8282858E-6            
7483.4346                -1.7716784E-6            
7505.8394                -1.7150737E-6            
7528.2446                -1.6584678E-6            
7550.651                 -1.7195455E-6            
7573.0557                -1.704769E-6             
7595.4614                -1.6899918E-6            
7617.867                 -1.675215E-6             
7640.272                 -1.6604384E-6            
7662.6777                -1.6456613E-6            
7685.0835                -1.6308844E-6            
7707.489                 -1.6161076E-6            
7729.8945                -1.6013307E-6            
7752.3003                -1.5865536E-6            
7774.705                 -1.571777E-6             
7797.111                 -1.5570002E-6            
7819.5166                -1.542223E-6             
7841.9214                -1.5274466E-6            
7864.327                 -1.5126698E-6            
7886.733                 -1.4978925E-6            
7909.1377                -1.4831161E-6            
7931.544                 -1.4683388E-6            
7953.949                 -1.453562E-6             
7976.354                 -1.4387856E-6            
7998.7603                -1.4240084E-6            
8021.1655                -1.4092316E-6            
8043.5713                -1.3944547E-6            
8065.9766                -1.3796779E-6            
8088.3823                -1.3649006E-6            
8110.7876                -1.3501242E-6            
8133.193                 -1.3353473E-6            
8155.5986                -1.3205702E-6            
8178.0044                -1.3057933E-6            
8200.41                  -1.2910165E-6            
8222.815                 -1.2762397E-6            
8245.221                 -1.2258677E-6            
8267.626                 -1.2146916E-6            
8290.031                 -1.2035314E-6            
8312.4375                -1.1923872E-6            
8334.843                 -1.1812597E-6            
8357.248                 -1.1701478E-6            
8379.654                 -1.1590523E-6            
8402.059                 -1.1479731E-6            
8424.465                 -1.1369094E-6            
8446.87                  -1.1258621E-6            
8469.275                 -1.114831E-6             
8491.681                 -1.1038153E-6            
8514.087                 -1.0928159E-6            
8536.492                 -1.0818322E-6            
8558.897                 -1.0708645E-6            
8581.304                 -1.0599124E-6            
8603.708                 -1.0489766E-6            
8626.113                 -1.0380563E-6            
8648.52                  -1.0271515E-6            
8670.925                 -1.0162629E-6            
8693.331                 -1.0053895E-6            
8715.736                 -9.945321E-7             
8738.141                 -9.836905E-7             
8760.547                 -9.72864E-7              
8782.952                 -9.620534E-7             
8805.357                 -9.5125824E-7            
8827.764                 -9.404786E-7             
8850.169                 -9.2971425E-7            
8872.574                 -9.1896584E-7            
8894.9795                -9.082326E-7             
8917.386                 -8.975145E-7             
8939.79                  -8.8681224E-7            
8962.196                 -8.761251E-7             
8984.602                 -8.6545305E-7            
9007.007                 -8.547968E-7             
9029.413                 -8.4415524E-7            
9051.818                 -8.335292E-7             
9074.225                 -8.229181E-7             
9096.629                 -8.1232264E-7            
9119.034                 -8.017421E-7             
9141.44                  -7.9117643E-7            
9163.846                 -7.8062635E-7            
9186.251                 -7.7009105E-7            
9208.657                 -7.595703E-7             
9231.062                 -7.490655E-7             
9253.467                 -7.3857524E-7            
9275.874                 -7.280994E-7             
9298.278                 -7.1763947E-7            
9320.685                 -7.0719346E-7            
9343.09                  -6.967628E-7             
9365.494                 -6.863475E-7             
9387.901                 -6.7594596E-7            
9410.307                 -6.655597E-7             
9432.712                 -6.551882E-7             
9455.117                 -6.4483146E-7            
9477.522                 -6.344894E-7             
9499.929                 -6.2416206E-7            
9522.334                 -6.138493E-7             
9544.739                 -6.035512E-7             
9567.145                 -5.9326766E-7            
9589.55                  -5.829987E-7             
9611.955                 -5.727443E-7             
9634.361                 -5.625044E-7             
9656.767                 -5.5227895E-7            
9679.172                 -5.42068E-7              
9701.577                 -5.318715E-7             
9723.982                 -5.2168934E-7            
9746.388                 -5.115216E-7             
9768.794                 -5.013682E-7             
9791.199                 -4.912292E-7             
9813.605                 -4.8110394E-7            
9836.01                  -4.709939E-7             
9858.415                 -4.608977E-7             
9880.822                 -4.5081518E-7            
9903.228                 -4.4074739E-7            
9925.633                 -4.3069375E-7            
9948.038                 -4.2065426E-7            
9970.443                 -4.1062887E-7            
9992.85                  -4.006176E-7             
10015.255                -4.1796565E-7            
10037.66                 -4.1512405E-7            
10060.065                -4.122863E-7             
10082.471                -4.0945244E-7            
10104.876                -4.066224E-7             
10127.282                -4.037962E-7             
10149.6875               -4.0097385E-7            
10172.093                -3.981553E-7             
10194.498                -3.9534058E-7            
10216.903                -3.925297E-7             
10239.309                -3.897226E-7             
10261.715                -3.8691934E-7            
10284.12                 -3.8411986E-7            
10306.526                -3.8132404E-7            
10328.931                -3.7853226E-7            
10351.336                -3.7574415E-7            
10373.743                -3.7295965E-7            
10396.147                -3.701792E-7             
10418.554                -3.6740227E-7            
10440.959                -3.646292E-7             
10463.363                -3.6186E-7               
10485.77                 -3.590943E-7             
10508.176                -3.5633246E-7            
10530.581                -3.5357434E-7            
10552.986                -3.5081996E-7            
10575.392                -3.480693E-7             
10597.797                -3.4532235E-7            
10620.203                -3.425791E-7             
10642.608                -3.3983957E-7            
10665.014                -3.3710373E-7            
10687.419                -3.3437158E-7            
10709.824                -3.316431E-7             
10732.2295               -3.289183E-7             
10754.636                -3.2619715E-7            
10777.041                -3.234797E-7             
10799.447                -3.2076576E-7            
10821.852                -3.1805575E-7            
10844.257                -3.1534924E-7            
10866.664                -3.1264625E-7            
10889.068                -3.0994715E-7            
10911.475                -3.0725144E-7            
10933.88                 -3.0455948E-7            
10956.284                -3.0187124E-7            
10978.69                 -2.9918638E-7            
11001.097                -2.9650525E-7            
11023.502                -2.9382772E-7            
11045.907                -2.9115378E-7            
11068.3125               -2.8848345E-7            
11090.718                -2.8581667E-7            
11113.124                -2.831535E-7             
11135.529                -2.8049388E-7            
11157.935                -2.7783784E-7            
11180.34                 -2.7518536E-7            
