% x                      y                        z                        
-30000.0                 -0.0044194474            
-29698.492               -0.004506925             
-29396.984               -0.00460356              
-29095.477               -0.0047093513            
-28793.97                -0.0048242984            
-28492.463               -0.004948403             
-28190.955               -0.005081665             
-27889.447               -0.0052240826            
-27587.94                -0.005375657             
-27286.432               -0.0055363886            
-26984.924               -0.0057062767            
-26683.418               -0.0058853202            
-26381.91                -0.006073522             
-26080.402               -0.00627088              
-25778.895               -0.0064773946            
-25477.387               -0.006693066             
-25175.879               -0.0069178944            
-24874.371               -0.0071518794            
-24572.863               -0.0073950207            
-24271.357               -0.0076473174            
-23969.85                -0.007908773             
-23668.342               -0.008179383             
-23366.834               -0.008459152             
-23065.326               -0.008748077             
-22763.818               -0.009046159             
-22462.312               -0.009353395             
-22160.805               -0.00966979              
-21859.297               -0.009995341             
-21557.79                -0.010330049             
-21256.281               -0.010673915             
-20954.773               -0.010955085             
-20653.266               -0.011262892             
-20351.758               -0.011611662             
-20050.25                -0.012001393             
-19748.744               -0.012432085             
-19447.234               -0.012903744             
-19145.729               -0.01341636              
-18844.223               -0.013969937             
-18542.715               -0.01456448              
-18241.207               -0.015199984             
-17939.7                 -0.015876452             
-17638.191               -0.016593881             
-17336.684               -0.017352274             
-17035.176               -0.018151628             
-16733.668               -0.018991945             
-16432.16                -0.019873222             
-16130.653               -0.02079546              
-15829.1455              -0.021758664             
-15527.638               -0.02276283              
-15226.131               -0.023807954             
-14924.623               -0.024894044             
-14623.115               -0.026021097             
-14321.608               -0.027189108             
-14020.1                 -0.028554069             
-13718.593               -0.030045709             
-13417.086               -0.03155836              
-13115.578               -0.033093143             
-12814.07                -0.0348697               
-12512.5625              -0.036749974             
-12211.055               -0.038740985             
-11909.549               -0.040850572             
-11608.041               -0.04308759              
-11306.531               -0.045462023             
-11005.025               -0.04798518              
-10703.518               -0.050670117             
-10402.01                -0.05370352              
-10100.502               -0.057043005             
-9798.994                -0.060626425             
-9497.488                -0.064467594             
-9195.98                 -0.068581775             
-8894.471                -0.072985716             
-8592.965                -0.07769789              
-8291.457                -0.082738996             
-7989.949                -0.08813203              
-7688.4434               -0.09422271              
-7386.9336               -0.10185047              
-7085.4277               -0.1104159               
-6783.92                 -0.11949824              
-6482.412                -0.1287101               
-6180.9043               -0.13839649              
-5879.3965               -0.14855738              
-5577.8906               -0.16049077              
-5276.383                -0.17400652              
-4974.873                -0.18891169              
-4673.367                -0.20520598              
-4371.8594               -0.22288966              
-4070.3516               -0.2423252               
-3768.8438               -0.26282766              
-3467.336                -0.2843769               
-3165.83                 -0.3069727               
-2864.3223               -0.33078                 
-2562.8145               -0.35074842              
-2261.3066               -0.3681378               
-1959.7988               -0.3823763               
-1658.291                -0.38416052              
-1356.7852               -0.37274814              
-1055.2754               -0.34188834              
-753.76953               -0.2863823               
-452.26172               -0.1941688               
-150.7539                -0.06508505              
150.7539                 0.09349654               
452.25977                0.26873156               
753.76953                0.4248346                
1055.2773                0.54471993               
1356.7832                0.61385965               
1658.291                 0.6368847                
1959.8008                0.63133436               
2261.3066                0.60148335               
2562.8145                0.5597061                
2864.3203                0.5117141                
3165.8281                0.47080272               
3467.3398                0.43007797               
3768.8438                0.39146632               
4070.3516                0.35496625               
4371.8594                0.32106045               
4673.367                 0.29128334               
4974.875                 0.26454648               
5276.379                 0.24085023               
5577.8906                0.22061072               
5879.3984                0.20232427               
6180.9023                0.18564531               
6482.414                 0.17057325               
6783.918                 0.156846                 
7085.426                 0.14343804               
7386.9375                0.13281718               
7688.4414                0.12385064               
7989.949                 0.1149579                
8291.457                 0.10667974               
8592.965                 0.09910921               
8894.473                 0.09220017               
9195.98                  0.08591129               
9497.488                 0.08020536               
9798.996                 0.07504877               
10100.5                  0.07041106               
10402.012                0.066264264              
10703.516                0.06254388               
11005.023                0.059046254              
11306.535                0.05576417               
11608.039                0.052680418              
11909.547                0.049779758              
12211.059                0.04704889               
12512.5625               0.044476163              
12814.07                 0.042051006              
13115.578                0.039764095              
13417.086                0.0378467                
13718.594                0.035997912              
14020.102                0.034193784              
14321.609                0.032569285              
14623.113                0.031152809              
14924.621                0.029784411              
15226.133                0.028464096              
15527.637                0.02719191               
15829.145                0.025967807              
16130.656                0.024791786              
16432.16                 0.023663893              
16733.668                0.022584083              
17035.176                0.021552369              
17336.684                0.020568755              
17638.191                0.019633237              
17939.7                  0.018745817              
18241.207                0.017906494              
18542.715                0.01711527               
18844.219                0.016372154              
19145.73                 0.015677115              
19447.234                0.015030192              
19748.742                0.014431359              
20050.254                0.013880616              
20351.758                0.013377984              
20653.266                0.012941423              
20954.773                0.012565131              
21256.281                0.012186877              
21557.79                 0.011787264              
21859.297                0.011403495              
22160.805                0.011030343              
22462.312                0.010667807              
22763.82                 0.010315888              
23065.328                0.009974585              
23366.832                0.009643902              
23668.34                 0.009323833              
23969.852                0.009014375              
24271.355                0.008715541              
24572.863                0.00842732               
24874.371                0.008149716              
25175.879                0.007882727              
25477.387                0.007626356              
25778.895                0.007380601              
26080.402                0.007145462              
26381.91                 0.00692094               
26683.418                0.006707034              
26984.926                0.0065037445             
27286.43                 0.006311074              
27587.941                0.0061290152             
27889.45                 0.005957575              
28190.953                0.0057967533             
28492.46                 0.005646546              
28793.973                0.005506953              
29095.477                0.0053779804             
29396.984                0.0052596224             
29698.492                0.0051518804             
30000.0                  0.0050547556             
