% x                      y                        z                        
-30000.0                 1.266952E-4              
-29698.492               9.3138726E-5             
-29396.984               5.8771E-5                
-29095.477               2.3592012E-5             
-28793.97                -1.2397994E-5            
-28492.463               -4.919949E-5             
-28190.955               -8.681224E-5             
-27889.447               -1.2523626E-4            
-27587.94                -1.6447151E-4            
-27286.432               -2.0451804E-4            
-26984.924               -2.4537582E-4            
-26683.418               -2.870446E-4             
-26381.91                -3.2952486E-4            
-26080.402               -3.7281643E-4            
-25778.895               -4.169192E-4             
-25477.387               -4.618333E-4             
-25175.879               -5.075586E-4             
-24874.371               -5.540952E-4             
-24572.863               -6.01443E-4              
-24271.357               -6.496018E-4             
-23969.85                -6.9857214E-4            
-23668.342               -7.483537E-4             
-23366.834               -7.989466E-4             
-23065.326               -8.503507E-4             
-22763.818               -9.0256607E-4            
-22462.312               -9.555923E-4             
-22160.805               -0.0010094303            
-21859.297               -0.0010640793            
-21557.79                -0.0011195397            
-21256.281               -0.0011758114            
-20954.773               -0.0013228229            
-20653.266               -0.0014775197            
-20351.758               -0.0016242128            
-20050.25                -0.001762902             
-19748.744               -0.0018935866            
-19447.234               -0.0020162691            
-19145.729               -0.0021309461            
-18844.223               -0.0022376194            
-18542.715               -0.0023362895            
-18241.207               -0.002426956             
-17939.7                 -0.0025096186            
-17638.191               -0.0025842772            
-17336.684               -0.0026509322            
-17035.176               -0.0027095831            
-16733.668               -0.0027602306            
-16432.16                -0.002802874             
-16130.653               -0.0028375133            
-15829.1455              -0.0028641492            
-15527.638               -0.0028827812            
-15226.131               -0.0028934092            
-14924.623               -0.0028960337            
-14623.115               -0.0028906541            
-14321.608               -0.002877271             
-14020.1                 -0.0028075387            
-13718.593               -0.0026776055            
-13417.086               -0.0025139204            
-13115.578               -0.0023165802            
-12814.07                -0.002100713             
-12512.5625              -0.0018482525            
-12211.055               -0.0015567207            
-11909.549               -0.0012233494            
-11608.041               -8.4501953E-4            
-11306.531               -4.1820895E-4            
-11005.025               6.1080114E-5             
-10703.518               5.974473E-4              
-10402.01                0.0012977625             
-10100.502               0.0022230153             
-9798.994                0.0033562123             
-9497.488                0.004709144              
-9195.98                 0.0062947893             
-8894.471                0.00812744               
-8592.965                0.010222868              
-8291.457                0.012598689              
-7989.949                0.015274513              
-7688.4434               0.01843625               
-7386.9336               0.022446124              
-7085.4277               0.02695648               
-6783.92                 0.032117553              
-6482.412                0.03822676               
-6180.9043               0.04521786               
-5879.3965               0.053090848              
-5577.8906               0.062329095              
-5276.383                0.073948905              
-4974.873                0.087981634              
-4673.367                0.104427                 
-4371.8594               0.123285286              
-4070.3516               0.1474654                
-3768.8438               0.17772381               
-3467.336                0.21343353               
-3165.83                 0.25459427               
-2864.3223               0.30696148               
-2562.8145               0.36976197               
-2261.3066               0.44323498               
-1959.7988               0.531257                 
-1658.291                0.6353293                
-1356.7852               0.7571215                
-1055.2754               0.8980784                
-753.76953               1.0599196                
-452.26172               1.2391608                
-150.7539                1.4145973                
150.7539                 1.5478302                
452.25977                1.600376                 
753.76953                1.5537187                
1055.2773                1.4276948                
1356.7832                1.2587191                
1658.291                 1.0698546                
1959.8008                0.8938438                
2261.3066                0.7393256                
2562.8145                0.60661644               
2864.3203                0.49460462               
3165.8281                0.40883467               
3467.3398                0.3368363                
3768.8438                0.27590343               
4070.3516                0.22603348               
4371.8594                0.18706025               
4673.367                 0.15523505               
4974.875                 0.12899922               
5276.379                 0.10835299               
5577.8906                0.091556974              
5879.3984                0.0765697                
6180.9023                0.063541956              
6482.414                 0.052473273              
6783.918                 0.04341375               
7085.426                 0.036329556              
7386.9375                0.030900031              
7688.4414                0.026111798              
7989.949                 0.02179975               
8291.457                 0.017963413              
8592.965                 0.014565333              
8894.473                 0.011576943              
9195.98                  0.00897265               
9497.488                 0.0067294235             
9798.996                 0.0048264433             
10100.5                  0.0032448363             
10402.012                0.001967342              
10703.516                0.0010159417             
11005.023                2.898307E-4              
11306.535                -3.6442297E-4            
11608.039                -9.525703E-4             
11909.547                -0.001479676             
12211.059                -0.0019501689            
12512.5625               -0.0023679512            
12814.07                 -0.0027365272            
13115.578                -0.0030590105            
13417.086                -0.0033750767            
13718.594                -0.0036446385            
14020.102                -0.0038642085            
14321.609                -0.0039822403            
14623.113                -0.004016401             
14924.621                -0.004038396             
15226.133                -0.0040482255            
15527.637                -0.0040458892            
15829.145                -0.004031388             
16130.656                -0.00400472              
16432.16                 -0.0039658877            
16733.668                -0.0039148894            
17035.176                -0.0038517253            
17336.684                -0.0037763957            
17638.191                -0.0036889003            
17939.7                  -0.0035892394            
18241.207                -0.003477413             
18542.715                -0.0033534209            
18844.219                -0.003217265             
19145.73                 -0.0030689398            
19447.234                -0.0029084529            
19748.742                -0.0027357985            
20050.254                -0.0025509761            
20351.758                -0.0023539928            
20653.266                -0.002131201             
20954.773                -0.001888174             
21256.281                -0.0016913613            
21557.79                 -0.0016157518            
21859.297                -0.0015451559            
22160.805                -0.0014753497            
22462.312                -0.0014063333            
22763.82                 -0.0013381067            
23065.328                -0.0012706699            
23366.832                -0.0012040237            
23668.34                 -0.0011381665            
23969.852                -0.0010730982            
24271.355                -0.0010088214            
24572.863                -9.453335E-4             
24874.371                -8.826355E-4             
25175.879                -8.2072715E-4            
25477.387                -7.596087E-4             
25778.895                -6.9928E-4               
26080.402                -6.397411E-4             
26381.91                 -5.8099197E-4            
26683.418                -5.230326E-4             
26984.926                -4.658631E-4             
27286.43                 -4.0948408E-4            
27587.941                -3.538934E-4             
27889.45                 -2.9909326E-4            
28190.953                -2.450836E-4             
28492.46                 -1.9186299E-4            
28793.973                -1.3943152E-4            
29095.477                -8.779118E-5             
29396.984                -3.6939968E-5            
29698.492                1.3121459E-5             
30000.0                  6.23931E-5               
