% x                      y                        z                        
-30000.0                 -0.0036337757            
-29698.492               -0.0037220195            
-29396.984               -0.0038174926            
-29095.477               -0.0039201956            
-28793.97                -0.004030127             
-28492.463               -0.0041472893            
-28190.955               -0.004271681             
-27889.447               -0.0044033024            
-27587.94                -0.0045421533            
-27286.432               -0.0046882336            
-26984.924               -0.004841544             
-26683.418               -0.005002083             
-26381.91                -0.005169852             
-26080.402               -0.0053448514            
-25778.895               -0.00552708              
-25477.387               -0.0057165385            
-25175.879               -0.0059132264            
-24874.371               -0.006117144             
-24572.863               -0.0063282913            
-24271.357               -0.006546667             
-23969.85                -0.006772273             
-23668.342               -0.0070051095            
-23366.834               -0.007245175             
-23065.326               -0.0074924706            
-22763.818               -0.0077469954            
-22462.312               -0.008008748             
-22160.805               -0.008277733             
-21859.297               -0.008553946             
-21557.79                -0.008837391             
-21256.281               -0.009128064             
-20954.773               -0.009437169             
-20653.266               -0.009785211             
-20351.758               -0.010168377             
-20050.25                -0.010586671             
-19748.744               -0.011040086             
-19447.234               -0.011528633             
-19145.729               -0.0120522985            
-18844.223               -0.01261109              
-18542.715               -0.01320501              
-18241.207               -0.013834056             
-17939.7                 -0.014498228             
-17638.191               -0.015197526             
-17336.684               -0.015931949             
-17035.176               -0.016701497             
-16733.668               -0.017506171             
-16432.16                -0.01834597              
-16130.653               -0.019220892             
-15829.1455              -0.020130944             
-15527.638               -0.02107612              
-15226.131               -0.02205642              
-14924.623               -0.023071846             
-14623.115               -0.024122398             
-14321.608               -0.025208075             
-14020.1                 -0.026519995             
-13718.593               -0.028091447             
-13417.086               -0.029819202             
-13115.578               -0.03170136              
-12814.07                -0.033603113             
-12512.5625              -0.035591308             
-12211.055               -0.0376718               
-11909.549               -0.03985112              
-11608.041               -0.042136654             
-11306.531               -0.044536717             
-11005.025               -0.04706073              
-10703.518               -0.049719587             
-10402.01                -0.052651104             
-10100.502               -0.056002554             
-9798.994                -0.059773818             
-9497.488                -0.06398869              
-9195.98                 -0.068673395             
-8894.471                -0.073856786             
-8592.965                -0.07957067              
-8291.457                -0.08585065              
-7989.949                -0.092736304             
-7688.4434               -0.10014987              
-7386.9336               -0.10757703              
-7085.4277               -0.1151205               
-6783.92                 -0.12380219              
-6482.412                -0.13486129              
-6180.9043               -0.147567                
-5879.3965               -0.16191936              
-5577.8906               -0.1784744               
-5276.383                -0.19726387              
-4974.873                -0.21821585              
-4673.367                -0.24132994              
-4371.8594               -0.26660654              
-4070.3516               -0.29908612              
-3768.8438               -0.33664316              
-3467.336                -0.37771115              
-3165.83                 -0.42228982              
-2864.3223               -0.47470844              
-2562.8145               -0.5318569               
-2261.3066               -0.5910494               
-1959.7988               -0.6458424               
-1658.291                -0.68521595              
-1356.7852               -0.7045259               
-1055.2754               -0.6685328               
-753.76953               -0.5644206               
-452.26172               -0.38478464              
-150.7539                -0.13627361              
150.7539                 0.13512987               
452.25977                0.39078954               
753.76953                0.5735119                
1055.2773                0.6751371                
1356.7832                0.7131072                
1658.291                 0.6939531                
1959.8008                0.6498095                
2261.3066                0.5947065                
2562.8145                0.53807026               
2864.3203                0.47797215               
3165.8281                0.4256964                
3467.3398                0.38326943               
3768.8438                0.34361768               
4070.3516                0.30673954               
4371.8594                0.27311465               
4673.367                 0.24489658               
4974.875                 0.2205363                
5276.379                 0.20003408               
5577.8906                0.18358336               
5879.3984                0.16854605               
6180.9023                0.15446067               
6482.414                 0.14132671               
6783.918                 0.12921894               
7085.426                 0.11895662               
7386.9375                0.10967833               
7688.4414                0.10095203               
7989.949                 0.09389345               
8291.457                 0.08762393               
8592.965                 0.08179495               
8894.473                 0.076377794              
9195.98                  0.07134677               
9497.488                 0.066678725              
9798.996                 0.062352754              
10100.5                  0.058349922              
10402.012                0.05465279               
10703.516                0.051319115              
11005.023                0.04835941               
11306.535                0.04558327               
11608.039                0.0429865                
11909.547                0.040564872              
12211.059                0.03831441               
12512.5625               0.036231373              
12814.07                 0.034311987              
13115.578                0.032552734              
13417.086                0.030950185              
13718.594                0.029501032              
14020.102                0.028172176              
14321.609                0.026873466              
14623.113                0.025600241              
14924.621                0.02435247               
15226.133                0.023130152              
15527.637                0.021933336              
15829.145                0.020761972              
16130.656                0.01961915               
16432.16                 0.018759202              
16733.668                0.017931849              
17035.176                0.017137095              
17336.684                0.016374946              
17638.191                0.015645398              
17939.7                  0.014948455              
18241.207                0.014284113              
18542.715                0.013652374              
18844.219                0.013053246              
19145.73                 0.012486705              
19447.234                0.011952781              
19748.742                0.011451452              
20050.254                0.010982721              
20351.758                0.010546604              
20653.266                0.0101430835             
20954.773                0.009772167              
21256.281                0.009425602              
21557.79                 0.009129539              
21859.297                0.008837974              
22160.805                0.008553782              
22462.312                0.008276962              
22763.82                 0.008007515              
23065.328                0.0077454415             
23366.832                0.0074907434             
23668.34                 0.0072434153             
23969.852                0.007003457              
24271.355                0.0067708776             
24572.863                0.006545668              
24874.371                0.0063278317             
25175.879                0.0061173677             
25477.387                0.005914277              
25778.895                0.005718559              
26080.402                0.0055302135             
26381.91                 0.0053492417             
26683.418                0.005175642              
26984.926                0.0050094156             
27286.43                 0.004850564              
27587.941                0.004699081              
27889.45                 0.0045549734             
28190.953                0.0044182404             
28492.46                 0.0042888783             
28793.973                0.0041668876             
29095.477                0.0040522725             
29396.984                0.003945029              
29698.492                0.0038451585             
30000.0                  0.0037526607             
