% x                      y                        z                        
-30000.0                 -0.0019114938            
-29698.492               -0.0019514853            
-29396.984               -0.0019960143            
-29095.477               -0.0020450808            
-28793.97                -0.0020986844            
-28492.463               -0.0021568257            
-28190.955               -0.0022195047            
-27889.447               -0.002286721             
-27587.94                -0.002358475             
-27286.432               -0.0024347664            
-26984.924               -0.0025155952            
-26683.418               -0.002600961             
-26381.91                -0.0026908647            
-26080.402               -0.0027853062            
-25778.895               -0.0028842848            
-25477.387               -0.002987801             
-25175.879               -0.003095855             
-24874.371               -0.0032084463            
-24572.863               -0.003325575             
-24271.357               -0.0034472405            
-23969.85                -0.0035734442            
-23668.342               -0.0037041854            
-23366.834               -0.003839464             
-23065.326               -0.00397928              
-22763.818               -0.0041236337            
-22462.312               -0.0042725243            
-22160.805               -0.0044259527            
-21859.297               -0.004583919             
-21557.79                -0.004746422             
-21256.281               -0.0049134633            
-20954.773               -0.005044183             
-20653.266               -0.0051943082            
-20351.758               -0.0053702896            
-20050.25                -0.005572127             
-19748.744               -0.00579982              
-19447.234               -0.0060533723            
-19145.729               -0.006332777             
-18844.223               -0.0066380384            
-18542.715               -0.0069691576            
-18241.207               -0.0073261335            
-17939.7                 -0.007708966             
-17638.191               -0.008117654             
-17336.684               -0.008552199             
-17035.176               -0.0090126               
-16733.668               -0.009498858             
-16432.16                -0.010010973             
-16130.653               -0.010548941             
-15829.1455              -0.011112768             
-15527.638               -0.011702452             
-15226.131               -0.012317989             
-14924.623               -0.012959385             
-14623.115               -0.013626637             
-14321.608               -0.014319744             
-14020.1                 -0.015117302             
-13718.593               -0.015981304             
-13417.086               -0.016856369             
-13115.578               -0.017744238             
-12814.07                -0.018769493             
-12512.5625              -0.019879058             
-12211.055               -0.021078644             
-11909.549               -0.022374624             
-11608.041               -0.02377419              
-11306.531               -0.02528546              
-11005.025               -0.026917629             
-10703.518               -0.028681308             
-10402.01                -0.030773854             
-10100.502               -0.033122268             
-9798.994                -0.03565079              
-9497.488                -0.03836963              
-9195.98                 -0.04129004              
-8894.471                -0.044424403             
-8592.965                -0.047786355             
-8291.457                -0.051391173             
-7989.949                -0.05525584              
-7688.4434               -0.05964719              
-7386.9336               -0.06533245              
-7085.4277               -0.071912445             
-6783.92                 -0.0792163               
-6482.412                -0.086939804             
-6180.9043               -0.09517076              
-5879.3965               -0.103909165             
-5577.8906               -0.11498361              
-5276.383                -0.12841982              
-4974.873                -0.1439738               
-4673.367                -0.16164525              
-4371.8594               -0.18143447              
-4070.3516               -0.20538984              
-3768.8438               -0.23384622              
-3467.336                -0.2664887               
-3165.83                 -0.30331707              
-2864.3223               -0.35254917              
-2562.8145               -0.4049853               
-2261.3066               -0.45970082              
-1959.7988               -0.5185781               
-1658.291                -0.5665165               
-1356.7852               -0.5985241               
-1055.2754               -0.57314813              
-753.76953               -0.49017105              
-452.26172               -0.3352006               
-150.7539                -0.10472732              
150.7539                 0.1352503                
452.25977                0.36539683               
753.76953                0.5263276                
1055.2773                0.60996354               
1356.7832                0.63034314               
1658.291                 0.60277                  
1959.8008                0.5529877                
2261.3066                0.49274495               
2562.8145                0.4337006                
2864.3203                0.37772256               
3165.8281                0.33468476               
3467.3398                0.294541                 
3768.8438                0.2591022                
4070.3516                0.22836685               
4371.8594                0.20280954               
4673.367                 0.1818441                
4974.875                 0.16315068               
5276.379                 0.14672948               
5577.8906                0.13296103               
5879.3984                0.12084238               
6180.9023                0.11011534               
6482.414                 0.100779526              
6783.918                 0.09263434               
7085.426                 0.08470397               
7386.9375                0.07864872               
7688.4414                0.07365881               
7989.949                 0.068351686              
8291.457                 0.06330157               
8592.965                 0.058683064              
8894.473                 0.05446803               
9195.98                  0.050631244              
9497.488                 0.047150023              
9798.996                 0.044003855              
10100.5                  0.04117416               
10402.012                0.03864388               
10703.516                0.036478475              
11005.023                0.03462269               
11306.535                0.03283443               
11608.039                0.031112174              
11909.547                0.029454336              
12211.059                0.027859451              
12512.5625               0.026326172              
12814.07                 0.024853075              
13115.578                0.023438876              
13417.086                0.022082308              
13718.594                0.020782158              
14020.102                0.019578516              
14321.609                0.018497942              
14623.113                0.01752294               
14924.621                0.016653486              
15226.133                0.015889585              
15527.637                0.015231264              
15829.145                0.014678494              
16130.656                0.014228939              
16432.16                 0.013649081              
16733.668                0.013089232              
17035.176                0.0125494                
17336.684                0.012029586              
17638.191                0.011529789              
17939.7                  0.011050009              
18241.207                0.010590247              
18542.715                0.010150501              
18844.219                0.009730778              
19145.73                 0.0093310615             
19447.234                0.0089513725             
19748.742                0.008591695              
20050.254                0.008252031              
20351.758                0.007932393              
20653.266                0.0076327673             
20954.773                0.007353159              
21256.281                0.0070928284             
21557.79                 0.0068666283             
21859.297                0.006650349              
22160.805                0.0064397603             
22462.312                0.006234862              
22763.82                 0.006035654              
23065.328                0.0058421367             
23366.832                0.0056543117             
23668.34                 0.0054721753             
23969.852                0.005295727              
24271.355                0.005124973              
24572.863                0.004959908              
24874.371                0.004800533              
25175.879                0.0046468484             
25477.387                0.0044988547             
25778.895                0.004356551              
26080.402                0.0042199376             
26381.91                 0.004089015              
26683.418                0.003963783              
26984.926                0.003844241              
27286.43                 0.003730391              
27587.941                0.0036222285             
27889.45                 0.003519758              
28190.953                0.003422979              
28492.46                 0.0033318894             
28793.973                0.003246489              
29095.477                0.003166781              
29396.984                0.0030927628             
29698.492                0.0030244347             
30000.0                  0.0029617972             
