% x                      y                        z                        
-30000.0                 -0.0033306375            
-29698.492               -0.0034019477            
-29396.984               -0.0034818808            
-29095.477               -0.0035704367            
-28793.97                -0.003667615             
-28492.463               -0.0037734166            
-28190.955               -0.0038878412            
-27889.447               -0.0040108887            
-27587.94                -0.004142559             
-27286.432               -0.004282852             
-26984.924               -0.0044317683            
-26683.418               -0.0045893067            
-26381.91                -0.0047554686            
-26080.402               -0.004930253             
-25778.895               -0.005113661             
-25477.387               -0.005305691             
-25175.879               -0.0055063446            
-24874.371               -0.005715621             
-24572.863               -0.0059335204            
-24271.357               -0.006160041             
-23969.85                -0.006395186             
-23668.342               -0.0066389535            
-23366.834               -0.006891344             
-23065.326               -0.0071523576            
-22763.818               -0.007421994             
-22462.312               -0.007700252             
-22160.805               -0.007987134             
-21859.297               -0.008282639             
-21557.79                -0.008586767             
-21256.281               -0.008899517             
-20954.773               -0.009149333             
-20653.266               -0.009429736             
-20351.758               -0.009752283             
-20050.25                -0.010116975             
-19748.744               -0.010523807             
-19447.234               -0.01097279              
-19145.729               -0.011463912             
-18844.223               -0.011997177             
-18542.715               -0.01257259              
-18241.207               -0.0131901475            
-17939.7                 -0.01384985              
-17638.191               -0.014551695             
-17336.684               -0.015295686             
-17035.176               -0.016081821             
-16733.668               -0.0169101               
-16432.16                -0.017780524             
-16130.653               -0.01869309              
-15829.1455              -0.019647803             
-15527.638               -0.02064466              
-15226.131               -0.021683658             
-14924.623               -0.022764802             
-14623.115               -0.023888092             
-14321.608               -0.025053523             
-14020.1                 -0.02641234              
-13718.593               -0.027894944             
-13417.086               -0.029395651             
-13115.578               -0.030918814             
-12814.07                -0.03273562              
-12512.5625              -0.034670807             
-12211.055               -0.036732394             
-11909.549               -0.038929325             
-11608.041               -0.0412717               
-11306.531               -0.043770928             
-11005.025               -0.0464399               
-10703.518               -0.049293533             
-10402.01                -0.05260492              
-10100.502               -0.056281567             
-9798.994                -0.06022098              
-9497.488                -0.06443804              
-9195.98                 -0.06894917              
-8894.471                -0.07377244              
-8592.965                -0.078927726             
-8291.457                -0.08443734              
-7989.949                -0.09032604              
-7688.4434               -0.09697432              
-7386.9336               -0.10544038              
-7085.4277               -0.11513706              
-6783.92                 -0.12588958              
-6482.412                -0.13733675              
-6180.9043               -0.14955057              
-5879.3965               -0.16253105              
-5577.8906               -0.17844051              
-5276.383                -0.19704744              
-4974.873                -0.21803844              
-4673.367                -0.24141307              
-4371.8594               -0.2671718               
-4070.3516               -0.29856035              
-3768.8438               -0.33504248              
-3467.336                -0.37606665              
-3165.83                 -0.42163265              
-2864.3223               -0.47520906              
-2562.8145               -0.5300918               
-2261.3066               -0.587653                
-1959.7988               -0.6484703               
-1658.291                -0.69086707              
-1356.7852               -0.7111498               
-1055.2754               -0.6709516               
-753.76953               -0.56726503              
-452.26172               -0.38385215              
-150.7539                -0.13552478              
150.7539                 0.12484268               
452.25977                0.37683025               
753.76953                0.5584987                
1055.2773                0.6664999                
1356.7832                0.7056973                
1658.291                 0.69016236               
1959.8008                0.6488344                
2261.3066                0.5914808                
2562.8145                0.53359634               
2864.3203                0.47603062               
3165.8281                0.42654705               
3467.3398                0.37966108               
3768.8438                0.33794487               
4070.3516                0.3013966                
4371.8594                0.2705438                
4673.367                 0.24482559               
4974.875                 0.2215022                
5276.379                 0.2005739                
5577.8906                0.18267502               
5879.3984                0.16668586               
6180.9023                0.1522619                
6482.414                 0.1394026                
6783.918                 0.12794429               
7085.426                 0.11693371               
7386.9375                0.1084437                
7688.4414                0.101437844              
7989.949                 0.0942741                
8291.457                 0.0875405                
8592.965                 0.08137501               
8894.473                 0.07574059               
9195.98                  0.070604056              
9497.488                 0.06593553               
9798.996                 0.06170802               
10100.5                  0.057897065              
10402.012                0.05448022               
10703.516                0.0515389                
11005.023                0.048995577              
11306.535                0.046541825              
11608.039                0.04417564               
11909.547                0.041894905              
12211.059                0.03969768               
12512.5625               0.03758218               
12814.07                 0.035546515              
13115.578                0.033588983              
13417.086                0.0317079                
13718.594                0.029901657              
14020.102                0.028215501              
14321.609                0.02668036               
14623.113                0.025276626              
14924.621                0.024004262              
15226.133                0.022863273              
15527.637                0.0218537                
15829.145                0.020975502              
16130.656                0.020226978              
16432.16                 0.019416615              
16733.668                0.018633345              
17035.176                0.017877176              
17336.684                0.017148111              
17638.191                0.016446145              
17939.7                  0.015771283              
18241.207                0.015123524              
18542.715                0.014502865              
18844.219                0.013909318              
19145.73                 0.013342856              
19447.234                0.012803512              
19748.742                0.012291262              
20050.254                0.011806108              
20351.758                0.011348069              
20653.266                0.010917125              
20954.773                0.010513283              
21256.281                0.010130804              
21557.79                 0.009795851              
21859.297                0.00947604               
22160.805                0.009164991              
22462.312                0.008862706              
22763.82                 0.008569184              
23065.328                0.008284425              
23366.832                0.0080084335             
23668.34                 0.0077412007             
23969.852                0.007482728              
24271.355                0.0072330246             
24572.863                0.0069920816             
24874.371                0.0067599015             
25175.879                0.006536484              
25477.387                0.0063218307             
25778.895                0.00611594               
26080.402                0.0059188125             
26381.91                 0.005730448              
26683.418                0.0055508465             
26984.926                0.0053800084             
27286.43                 0.0052179354             
27587.941                0.005064621              
27889.45                 0.0049200724             
28190.953                0.0047842884             
28492.46                 0.0046572657             
28793.973                0.004539005              
29095.477                0.00442951               
29396.984                0.0043287766             
29698.492                0.0042368066             
30000.0                  0.0041535995             
