% x                      y                        z                        
-30000.0                 -0.0020835297            
-29698.492               -0.0021224497            
-29396.984               -0.0021654177            
-29095.477               -0.0022124334            
-28793.97                -0.0022634964            
-28492.463               -0.0023186076            
-28190.955               -0.0023777664            
-27889.447               -0.0024409732            
-27587.94                -0.0025082277            
-27286.432               -0.0025795298            
-26984.924               -0.0026548798            
-26683.418               -0.002734277             
-26381.91                -0.0028177223            
-26080.402               -0.0029052156            
-25778.895               -0.0029967565            
-25477.387               -0.003092345             
-25175.879               -0.0031919817            
-24874.371               -0.0032956658            
-24572.863               -0.0034033977            
-24271.357               -0.0035151767            
-23969.85                -0.0036310041            
-23668.342               -0.0037508793            
-23366.834               -0.0038748023            
-23065.326               -0.004002773             
-22763.818               -0.0041347914            
-22462.312               -0.0042708567            
-22160.805               -0.004410971             
-21859.297               -0.0045551327            
-21557.79                -0.004703342             
-21256.281               -0.0048555993            
-20954.773               -0.004970824             
-20653.266               -0.0051034302            
-20351.758               -0.005258977             
-20050.25                -0.0054374645            
-19748.744               -0.005638891             
-19447.234               -0.0058632605            
-19145.729               -0.006110567             
-18844.223               -0.006380814             
-18542.715               -0.0066740033            
-18241.207               -0.006990133             
-17939.7                 -0.0073292027            
-17638.191               -0.007691213             
-17336.684               -0.008076164             
-17035.176               -0.008484054             
-16733.668               -0.008914886             
-16432.16                -0.009368658             
-16130.653               -0.009845369             
-15829.1455              -0.010345021             
-15527.638               -0.010867614             
-15226.131               -0.011413146             
-14924.623               -0.0119816195            
-14623.115               -0.012573034             
-14321.608               -0.013187386             
-14020.1                 -0.013904573             
-13718.593               -0.014698453             
-13417.086               -0.015515855             
-13115.578               -0.016357798             
-12814.07                -0.01729564              
-12512.5625              -0.018297495             
-12211.055               -0.019367695             
-11909.549               -0.020511078             
-11608.041               -0.021733109             
-11306.531               -0.023039946             
-11005.025               -0.024438575             
-10703.518               -0.025937049             
-10402.01                -0.02767571              
-10100.502               -0.029661294             
-9798.994                -0.03185506              
-9497.488                -0.034268808             
-9195.98                 -0.036915544             
-8894.471                -0.039809573             
-8592.965                -0.04296667              
-8291.457                -0.04640449              
-7989.949                -0.050142653             
-7688.4434               -0.05433156              
-7386.9336               -0.059357375             
-7085.4277               -0.06500283              
-6783.92                 -0.07140049              
-6482.412                -0.07850275              
-6180.9043               -0.086140566             
-5879.3965               -0.09431394              
-5577.8906               -0.104840256             
-5276.383                -0.11755072              
-4974.873                -0.13218442              
-4673.367                -0.14874104              
-4371.8594               -0.16722088              
-4070.3516               -0.19050127              
-3768.8438               -0.21819127              
-3467.336                -0.24959752              
-3165.83                 -0.2847198               
-2864.3223               -0.3321296               
-2562.8145               -0.38214585              
-2261.3066               -0.43400687              
-1959.7988               -0.49136698              
-1658.291                -0.53794086              
-1356.7852               -0.5678127               
-1055.2754               -0.54564893              
-753.76953               -0.46997333              
-452.26172               -0.30898342              
-150.7539                -0.098874316             
150.7539                 0.11872731               
452.25977                0.33512157               
753.76953                0.4893663                
1055.2773                0.5693373                
1356.7832                0.58809096               
1658.291                 0.5616018                
1959.8008                0.5134622                
2261.3066                0.4565131                
2562.8145                0.40113094               
2864.3203                0.34728342               
3165.8281                0.30724138               
3467.3398                0.26991186               
3768.8438                0.2366176                
4070.3516                0.20735723               
4371.8594                0.18265367               
4673.367                 0.16267142               
4974.875                 0.14517893               
5276.379                 0.13017638               
5577.8906                0.11805486               
5879.3984                0.10735668               
6180.9023                0.09775035               
6482.414                 0.08923553               
6783.918                 0.081654444              
7085.426                 0.074394725              
7386.9375                0.06874792               
7688.4414                0.06399615               
7989.949                 0.05927494               
8291.457                 0.054873254              
8592.965                 0.050848607              
8894.473                 0.047176417              
9195.98                  0.043834664              
9497.488                 0.04080353               
9798.996                 0.0380651                
10100.5                  0.035603143              
10402.012                0.03340277               
10703.516                0.03153647               
11005.023                0.029971704              
11306.535                0.028464038              
11608.039                0.02701219               
11909.547                0.025614819              
12211.059                0.024270685              
12512.5625               0.02297865               
12814.07                 0.021737514              
13115.578                0.020546187              
13417.086                0.0194036                
13718.594                0.018308723              
14020.102                0.017307302              
14321.609                0.016402412              
14623.113                0.015567418              
14924.621                0.014802298              
15226.133                0.014107052              
15527.637                0.013481708              
15829.145                0.0129262395             
16130.656                0.01244012               
16432.16                 0.011953428              
16733.668                0.011483568              
17035.176                0.0110305445             
17336.684                0.010594358              
17638.191                0.010175007              
17939.7                  0.009772494              
18241.207                0.009386818              
18542.715                0.009017978              
18844.219                0.00866598               
19145.73                 0.008330809              
19447.234                0.008012484              
19748.742                0.0077109914             
20050.254                0.0074263318             
20351.758                0.0071585164             
20653.266                0.0069075343             
20954.773                0.006673389              
21256.281                0.0064531746             
21557.79                 0.0062601115             
21859.297                0.00607342               
22160.805                0.005891567              
22462.312                0.0057145525             
22763.82                 0.005542376              
23065.328                0.005375038              
23366.832                0.0052125403             
23668.34                 0.0050548785             
23969.852                0.004902053              
24271.355                0.0047540697             
24572.863                0.0046109227             
24874.371                0.004472614              
25175.879                0.0043391436             
25477.387                0.004210511              
25778.895                0.004086717              
26080.402                0.0039677615             
26381.91                 0.0038536438             
26683.418                0.0037443645             
26984.926                0.0036399234             
27286.43                 0.0035403217             
27587.941                0.003445556              
27889.45                 0.0033556295             
28190.953                0.0032705425             
28492.46                 0.0031902925             
28793.973                0.0031148798             
29095.477                0.0030443072             
29396.984                0.0029785722             
29698.492                0.002917675              
30000.0                  0.0028616162             
