% x                      y                        z                        
-30000.0                 1.1678164E-5             
-29698.492               -2.7854083E-5            
-29396.984               -6.7572E-5               
-29095.477               -1.07475586E-4           
-28793.97                -1.4756458E-4            
-28492.463               -1.8783951E-4            
-28190.955               -2.2830011E-4            
-27889.447               -2.6894637E-4            
-27587.94                -3.097783E-4             
-27286.432               -3.5079592E-4            
-26984.924               -3.9199917E-4            
-26683.418               -4.3338788E-4            
-26381.91                -4.7496246E-4            
-26080.402               -5.1672274E-4            
-25778.895               -5.586687E-4             
-25477.387               -6.008003E-4             
-25175.879               -6.4311764E-4            
-24874.371               -6.856206E-4             
-24572.863               -7.283092E-4             
-24271.357               -7.7118323E-4            
-23969.85                -8.142432E-4             
-23668.342               -8.5748883E-4            
-23366.834               -9.009202E-4             
-23065.326               -9.4453717E-4            
-22763.818               -9.883398E-4             
-22462.312               -0.0010323279            
-22160.805               -0.0010765018            
-21859.297               -0.0011208615            
-21557.79                -0.0011654068            
-21256.281               -0.0012101379            
-20954.773               -0.0013656205            
-20653.266               -0.001526491             
-20351.758               -0.0016762585            
-20050.25                -0.001814923             
-19748.744               -0.0019424839            
-19447.234               -0.0020589435            
-19145.729               -0.0021642987            
-18844.223               -0.002258551             
-18542.715               -0.0023417012            
-18241.207               -0.0024137483            
-17939.7                 -0.0024746924            
-17638.191               -0.0025245338            
-17336.684               -0.0025632721            
-17035.176               -0.0025909075            
-16733.668               -0.00260744              
-16432.16                -0.0026128697            
-16130.653               -0.0026071963            
-15829.1455              -0.0025904202            
-15527.638               -0.0025625408            
-15226.131               -0.002523559             
-14924.623               -0.002473474             
-14623.115               -0.0024122861            
-14321.608               -0.0023399955            
-14020.1                 -0.0022212125            
-13718.593               -0.002041575             
-13417.086               -0.0018181496            
-13115.578               -0.0015511577            
-12814.07                -0.0012556192            
-12512.5625              -9.2176546E-4            
-12211.055               -5.470022E-4             
-11909.549               -1.2843125E-4            
-11608.041               3.3721369E-4             
-11306.531               8.5362035E-4             
-11005.025               0.0014249729             
-10703.518               0.0020560885             
-10402.01                0.0028651566             
-10100.502               0.003934338              
-9798.994                0.005248258              
-9497.488                0.0068207933             
-9195.98                 0.008667218              
-8894.471                0.010804353              
-8592.965                0.0132507635             
-8291.457                0.016027179              
-7989.949                0.019156681              
-7688.4434               0.02285653               
-7386.9336               0.027446495              
-7085.4277               0.032463532              
-6783.92                 0.038206883              
-6482.412                0.045398183              
-6180.9043               0.05395148               
-5879.3965               0.06386677               
-5577.8906               0.07564461               
-5276.383                0.090836816              
-4974.873                0.10952328               
-4673.367                0.13170362               
-4371.8594               0.15737821               
-4070.3516               0.19176033               
-3768.8438               0.23936988               
-3467.336                0.29926684               
-3165.83                 0.37145072               
-2864.3223               0.46260938               
-2562.8145               0.5858472                
-2261.3066               0.74142987               
-1959.7988               0.94226104               
-1658.291                1.196229                 
-1356.7852               1.5049542                
-1055.2754               1.8431132                
-753.76953               2.185866                 
-452.26172               2.473216                 
-150.7539                2.644472                 
150.7539                 2.6480644                
452.25977                2.4772031                
753.76953                2.1959505                
1055.2773                1.8452852                
1356.7832                1.5025096                
1658.291                 1.1935445                
1959.8008                0.9397569                
2261.3066                0.7433322                
2562.8145                0.5863719                
2864.3203                0.46169135               
3165.8281                0.3723298                
3467.3398                0.29890114               
3768.8438                0.23910744               
4070.3516                0.19294612               
4371.8594                0.15950246               
4673.367                 0.13166478               
4974.875                 0.108947545              
5276.379                 0.091350935              
5577.8906                0.07761392               
5879.3984                0.06538204               
6180.9023                0.054628976              
6482.414                 0.04535434               
6783.918                 0.037630066              
7085.426                 0.031686347              
7386.9375                0.026821747              
7688.4414                0.022313796              
7989.949                 0.018728932              
8291.457                 0.015690004              
8592.965                 0.012990669              
8894.473                 0.010608794              
9195.98                  0.008524546              
9497.488                 0.0067200805             
9798.996                 0.0051792623             
10100.5                  0.0038874694             
10402.012                0.0028313238             
10703.516                0.0020044765             
11005.023                0.0013099922             
11306.535                6.846229E-4              
11608.039                1.2677326E-4             
11909.547                -3.65136E-4              
12211.059                -7.925996E-4             
12512.5625               -0.0011570436            
12814.07                 -0.0014598719            
13115.578                -0.0017024175            
13417.086                -0.0018859707            
13718.594                -0.0020117764            
14020.102                -0.0021576744            
14321.609                -0.0023188267            
14623.113                -0.0024487204            
14924.621                -0.0025473582            
15226.133                -0.0026147391            
15527.637                -0.0026508612            
15829.145                -0.0026557264            
16130.656                -0.0026292906            
16432.16                 -0.0025812713            
16733.668                -0.0025280803            
17035.176                -0.0024697185            
17336.684                -0.0024061855            
17638.191                -0.0023374818            
17939.7                  -0.002263607             
18241.207                -0.0021845615            
18542.715                -0.0021003447            
18844.219                -0.0020109583            
19145.73                 -0.0019163986            
19447.234                -0.0018166705            
19748.742                -0.0017117702            
20050.254                -0.0016016975            
20351.758                -0.0014864567            
20653.266                -0.0013660436            
20954.773                -0.0012404595            
21256.281                -0.0011293369            
21557.79                 -0.0010865832            
21859.297                -0.001046088             
22160.805                -0.001005599             
22462.312                -9.6511684E-4            
22763.82                 -9.2464115E-4            
23065.328                -8.8417204E-4            
23366.832                -8.4371003E-4            
23668.34                 -8.03254E-4              
23969.852                -7.6280406E-4            
24271.355                -7.223617E-4             
24572.863                -6.819254E-4             
24874.371                -6.4149563E-4            
25175.879                -6.0107245E-4            
25477.387                -5.6065584E-4            
25778.895                -5.2024575E-4            
26080.402                -4.7984227E-4            
26381.91                 -4.3944534E-4            
26683.418                -3.9905496E-4            
26984.926                -3.5867112E-4            
27286.43                 -3.1829442E-4            
27587.941                -2.779232E-4             
27889.45                 -2.3755907E-4            
28190.953                -1.9720203E-4            
28492.46                 -1.5685102E-4            
28793.973                -1.1650605E-4            
29095.477                -7.61687E-5              
29396.984                -3.583738E-5             
29698.492                4.4873773E-6             
30000.0                  4.4805573E-5             
