% x                      y                        z                        
-5000.0                  -0.0015110364            
-4898.9897               -0.0015807485            
-4797.98                 -0.0016516852            
-4696.9697               -0.0017243676            
-4595.9595               -0.0017988367            
-4494.9497               -0.0018751204            
-4393.9395               -0.001950875             
-4292.929                -0.0020312737            
-4191.919                -0.0021172187            
-4090.9092               -0.0022088718            
-3989.899                -0.0023064043            
-3888.889                -0.0024099941            
-3787.879                -0.0025198301            
-3686.8687               -0.0026361104            
-3585.8586               -0.0027590436            
-3484.8484               -0.0028953666            
-3383.8384               -0.0030481752            
-3282.8284               -0.0032124422            
-3181.818                -0.0033888007            
-3080.808                -0.003577943             
-2979.7979               -0.0037809354            
-2878.7878               -0.004009028             
-2777.7778               -0.004264938             
-2676.7678               -0.0045392797            
-2575.7576               -0.004826299             
-2474.7476               -0.0051421453            
-2373.7373               -0.0054791244            
-2272.7273               -0.0058475933            
-2171.7173               -0.006262739             
-2070.707                -0.0066977213            
-1969.6968               -0.0071851606            
-1868.687                -0.007716262             
-1767.6768               -0.008308478             
-1666.6665               -0.00895321              
-1565.6567               -0.009665578             
-1464.6465               -0.010445587             
-1363.6362               -0.0113227395            
-1262.6265               -0.012338049             
-1161.6162               -0.013490175             
-1060.606                -0.014845177             
-959.59595               -0.016487258             
-858.58594               -0.018410144             
-757.5757                -0.020951768             
-656.5659                -0.024306433             
-555.55566               -0.028548883             
-454.5454                -0.03397325              
-353.53564               -0.040704533             
-252.52539               -0.0429794               
-151.51514               -0.037250567             
-50.504883               -0.016319122             
50.504883                0.016372021              
151.51514                0.03873749               
252.52539                0.043452464              
353.53564                0.03888101               
454.5454                 0.034173                 
555.55566                0.029340377              
656.5654                 0.024481779              
757.5757                 0.021106554              
858.58594                0.018490478              
959.5962                 0.016508643              
1060.6064                0.014857362              
1161.6162                0.0135217905             
1262.626                 0.012353191              
1363.6362                0.011338187              
1464.6465                0.010466981              
1565.6567                0.009662499              
1666.667                 0.0089391535             
1767.6763                0.008310519              
1868.6865                0.0077279224             
1969.6968                0.007188994              
2070.707                 0.0067091323             
2171.7173                0.0062666046             
2272.7275                0.005859558              
2373.7373                0.005493725              
2474.747                 0.0051595843             
2575.7573                0.0048478977             
2676.7676                0.0045534717             
2777.7778                0.004276306              
2878.788                 0.0040195873             
2979.7979                0.0037898284             
3080.808                 0.003604341              
3181.8184                0.0034095931             
3282.8281                0.0032249289             
3383.8389                0.0030548028             
3484.8486                0.0028960174             
3585.8584                0.0027532107             
3686.8682                0.0026251639             
3787.879                 0.0025047925             
3888.8887                0.0023919204             
3989.8994                0.0022863739             
4090.9092                0.00218799               
4191.919                 0.0020966083             
4292.9287                0.0020120756             
4393.9395                0.0019342437             
4494.949                 0.0018618134             
4595.96                  0.0017854818             
4696.9697                0.0017102646             
4797.9795                0.001636157              
4898.99                  0.0015631549             
5000.0                   0.0014900295             
