% x                      y                        z                        
5.77316E-14              7.095246                 
22.40549                 7.0926323                
44.81098                 7.0844593                
67.21647                 7.070676                 
89.62196                 7.0514994                
112.02745                7.026929                 
134.43294                6.9967666                
156.83844                6.9610596                
179.24393                6.9185157                
201.64943                6.870906                 
224.0549                 6.818678                 
246.4604                 6.7607236                
268.86588                6.6975794                
291.2714                 6.6293316                
313.67688                6.5558696                
336.08237                6.477193                 
358.48785                6.3933015                
380.89334                6.3041954                
403.29886                6.2098746                
425.7043                 6.1102796                
448.1098                 6.006407                 
470.5153                 5.8981                   
492.9208                 5.785385                 
515.3263                 5.6685696                
537.73175                5.547654                 
560.13727                5.422639                 
582.5428                 5.293523                 
604.94824                5.160307                 
627.35376                5.022963                 
649.7592                 4.8815136                
672.16473                4.738596                 
694.57025                4.594466                 
716.9757                 4.4481235                
739.38116                4.2995687                
761.7867                 4.148801                 
784.19214                3.9957397                
806.5977                 3.842482                 
829.0032                 3.6906426                
851.4086                 3.5404055                
873.8142                 3.3924434                
896.2196                 3.2448719                
918.6251                 3.0981896                
941.0306                 2.9531999                
963.4361                 2.8113751                
985.8416                 2.6738753                
1008.2471                2.540745                 
1030.6526                2.4129634                
1053.0581                2.2900498                
1075.4635                2.1720033                
1097.869                 2.0588233                
1120.2745                1.9505107                
1142.68                  1.8472829                
1165.0856                1.7483585                
1187.4911                1.6541021                
1209.8965                1.5653144                
1232.3019                1.4816526                
1254.7075                1.403116                 
1277.1129                1.3290771                
1299.5184                1.2590473                
1321.924                 1.1926966                
1344.3295                1.1300259                
1366.735                 1.0715985                
1389.1405                1.0168464                
1411.5459                0.9648337                
1433.9514                0.91555995               
1456.3569                0.86902577               
1478.7623                0.8250425                
1501.168                 0.78328687               
1523.5734                0.74378055               
1545.9789                0.70655024               
1568.3843                0.67166895               
1590.7899                0.6389486                
1613.1954                0.6075927                
1635.6007                0.5776016                
1658.0063                0.5489746                
1680.4119                0.52171195               
1702.8173                0.4958141                
1725.2228                0.47128037               
1747.6284                0.44811103               
1770.0337                0.4260631                
1792.4392                0.40504354               
1814.8447                0.38569155               
1837.2502                0.367413                 
1859.6558                0.34984306               
1882.0612                0.33298162               
1904.4668                0.31679654               
1926.8722                0.30133197               
1949.2777                0.28663084               
1971.6832                0.27269313               
1994.0885                0.25951907               
2016.4941                0.2471083                
2038.8997                0.23546103               
2061.3052                0.22457723               
2083.7107                0.21454525               
2106.1162                0.20532875               
2128.5217                0.1961808                
2150.927                 0.18735602               
2173.3328                0.17885216               
2195.738                 0.17066929               
2218.1436                0.16280739               
2240.549                 0.15535747               
2262.9546                0.1483908                
2285.36                  0.14168589               
2307.7654                0.1352428                
2330.1711                0.12906134               
2352.5767                0.1231417                
2374.9822                0.117483795              
2397.3875                0.11208764               
2419.793                 0.10695322               
2442.1985                0.10208055               
2464.6038                0.09746961               
2487.0095                0.093120374              
2509.415                 0.089032926              
2531.8206                0.085207224              
2554.2258                0.08164326               
2576.6316                0.07834101               
2599.0369                0.07527529               
2621.4424                0.07235153               
2643.848                 0.0695877                
2666.2534                0.066933334              
2688.659                 0.06433101               
2711.0642                0.06180887               
2733.47                  0.059366874              
2755.8755                0.057005093              
2778.281                 0.054723486              
2800.6863                0.052522063              
2823.0918                0.050400816              
2845.4976                0.048359726              
2867.9028                0.046416614              
2890.308                 0.044568036              
2912.7139                0.04278646               
2935.1194                0.04107195               
2957.5247                0.039424494              
2979.9304                0.03784406               
3002.336                 0.036330696              
3024.741                 0.034884393              
3047.1467                0.033505104              
3069.5522                0.03219288               
3091.9578                0.0309477                
3114.3633                0.029769553              
3136.7686                0.028723538              
3159.174                 0.027727755              
3181.5798                0.026769388              
3203.985                 0.025848465              
3226.3909                0.024964958              
3248.7964                0.024118893              
3271.2014                0.023310266              
3293.6072                0.02253905               
3316.0127                0.021805273              
3338.4182                0.021108923              
3360.8237                0.020449542              
3383.229                 0.01977378               
3405.6345                0.019113164              
3428.04                  0.0184677                
3450.4456                0.0178374                
3472.851                 0.017222255              
3495.2568                0.016622262              
3517.6619                0.01603744               
3540.0674                0.015467768              
3562.4731                0.014913245              
3584.8784                0.014373886              
3607.284                 0.013849684              
3629.6895                0.01334064               
3652.095                 0.012846751              
3674.5005                0.012368015              
3696.906                 0.011904441              
3719.3115                0.011456024              
3741.7173                0.011029864              
3764.1223                0.010628684              
3786.5278                0.0102521265             
3808.9336                0.009900193              
3831.3389                0.0095653385             
3853.7444                0.009217186              
3876.1501                0.008881309              
3898.5554                0.00860812               
3920.9607                0.008366111              
3943.3665                0.008132612              
3965.772                 0.007907631              
3988.177                 0.0076911654             
4010.5828                0.0074832086             
4032.9883                0.0072837677             
4055.3938                0.0070928405             
4077.7993                0.0069104247             
4100.205                 0.006736525              
4122.6104                0.006571137              
4145.0156                0.0064142663             
4167.4214                0.0062659075             
4189.827                 0.0061260606             
4212.2324                0.005994729              
4234.6377                0.005834482              
4257.0435                0.0056727193             
4279.4487                0.005517054              
4301.854                 0.0053674835             
4324.26                  0.0052240063             
4346.6655                0.0050866264             
4369.0703                0.004955343              
4391.476                 0.004830152              
4413.882                 0.0047110575             
4436.287                 0.0045980588             
4458.693                 0.0045023547             
4481.098                 0.004418191              
4503.5034                0.0043212348             
4525.909                 0.004215316              
4548.3145                0.004118159              
4570.72                  0.0040228716             
4593.1255                0.0039294586             
4615.531                 0.0038379154             
4637.937                 0.0037482413             
4660.3423                0.003660441              
4682.747                 0.003574514              
4705.1533                0.0034904543             
4727.5586                0.003408268              
4749.9644                0.0033279532             
4772.3696                0.0032495097             
4794.775                 0.0031729375             
4817.1807                0.0030982366             
4839.586                 0.0030254072             
4861.991                 0.002954449              
4884.397                 0.0028853624             
4906.8027                0.0028181456             
4929.2075                0.002752803              
4951.614                 0.002689329              
4974.019                 0.0026277278             
4996.425                 0.002567998              
5018.83                  0.0025084745             
5041.2354                0.0024410952             
5063.641                 0.0023756034             
5086.0464                0.0023119987             
5108.4517                0.0022502816             
5130.8574                0.002190452              
5153.263                 0.0021325082             
5175.668                 0.0020764547             
5198.0737                0.0020222869             
5220.4795                0.0019700055             
5242.885                 0.0019196126             
5265.2905                0.0018711071             
5287.696                 0.001824489              
5310.1016                0.0017797583             
5332.507                 0.001736915              
5354.912                 0.0016959589             
5377.318                 0.0016568903             
5399.7236                0.0016197081             
5422.1284                0.0015844152             
5444.534                 0.0015510087             
5466.94                  0.0015194889             
5489.345                 0.0014898571             
5511.751                 0.0014621128             
5534.1562                0.0014362558             
5556.562                 0.0014118634             
5578.9673                0.0013828052             
5601.3726                0.0013545861             
5623.779                 0.0013272057             
5646.1836                0.0013006657             
5668.589                 0.0012749641             
5690.995                 0.0012501011             
5713.4                   0.0012260785             
5735.8057                0.0012028939             
5758.2114                0.001180549              
5780.616                 0.0011590439             
5803.022                 0.0011383769             
5825.4277                0.0011185495             
5847.833                 0.0010995613             
5870.239                 0.0010814123             
5892.6445                0.0010641019             
5915.0493                0.0010476316             
5937.455                 0.0010320001             
5959.861                 0.0010172074             
5982.2656                0.0010032544             
6004.672                 9.901401E-4              
6027.077                 9.720335E-4              
6049.482                 9.495875E-4              
6071.888                 9.275967E-4              
6094.2935                9.0606266E-4             
6116.699                 8.8498485E-4             
6139.1045                8.6436333E-4             
6161.51                  8.44198E-4               
6183.9155                8.2448893E-4             
6206.321                 8.0523605E-4             
6228.7266                7.86439E-4               
6251.132                 7.6809904E-4             
6273.537                 7.502149E-4              
6295.943                 7.327866E-4              
6318.348                 7.1581535E-4             
6340.754                 6.992995E-4              
6363.1597                6.832403E-4              
6385.5645                6.6763774E-4             
6407.97                  6.5249065E-4             
6430.376                 6.3780014E-4             
6452.7817                6.235656E-4              
6475.1865                6.097879E-4              
6497.593                 5.9646583E-4             
6519.998                 5.836003E-4              
6542.403                 5.711913E-4              
6564.809                 5.5923796E-4             
6587.2144                5.4774113E-4             
6609.6196                5.3670054E-4             
6632.0254                5.2611623E-4             
6654.431                 5.1598786E-4             
6676.8364                5.0631625E-4             
6699.2417                4.971006E-4              
6721.6475                4.88341E-4               
6744.0527                4.8003803E-4             
6766.458                 4.721911E-4              
6788.864                 4.6480025E-4             
6811.269                 4.5786597E-4             
6833.675                 4.5138758E-4             
6856.08                  4.4536561E-4             
6878.4854                4.398E-4                 
6900.891                 4.346904E-4              
6923.297                 4.3003712E-4             
6945.702                 4.258401E-4              
6968.1074                4.2050346E-4             
6990.5137                4.1482315E-4             
7012.9185                4.097513E-4              
7035.3237                4.052875E-4              
7057.73                  4.0143178E-4             
7080.135                 3.9818446E-4             
7102.5405                3.9554515E-4             
7124.9463                3.935141E-4              
7147.351                 3.920913E-4              
7169.757                 3.912766E-4              
7192.1626                3.883017E-4              
7214.568                 3.840525E-4              
7236.9736                3.7989984E-4             
7259.379                 3.7584372E-4             
7281.784                 3.7188415E-4             
7304.19                  3.6802108E-4             
7326.5957                3.642545E-4              
7349.001                 3.6058453E-4             
7371.4062                3.570112E-4              
7393.812                 3.5353418E-4             
7416.2173                3.5015383E-4             
7438.623                 3.4687002E-4             
7461.0283                3.4368274E-4             
7483.4346                3.405919E-4              
7505.8394                3.3759777E-4             
7528.2446                3.347001E-4              
7550.651                 3.318989E-4              
7573.0557                3.2919436E-4             
7595.4614                3.2658625E-4             
7617.867                 3.2407473E-4             
7640.272                 3.216598E-4              
7662.6777                3.1934128E-4             
7685.0835                3.1711938E-4             
7707.489                 3.1499402E-4             
7729.8945                3.1067742E-4             
7752.3003                3.0606988E-4             
7774.705                 3.0152293E-4             
7797.111                 2.9703623E-4             
7819.5166                2.926098E-4              
7841.9214                2.8825674E-4             
7864.327                 2.840242E-4              
7886.733                 2.7985568E-4             
7909.1377                2.757515E-4              
7931.544                 2.717112E-4              
7953.949                 2.6773516E-4             
7976.354                 2.638233E-4              
7998.7603                2.599754E-4              
8021.1655                2.561917E-4              
8043.5713                2.5247215E-4             
8065.9766                2.4881668E-4             
8088.3823                2.4522527E-4             
8110.7876                2.4169814E-4             
8133.193                 2.3823506E-4             
8155.5986                2.3483601E-4             
8178.0044                2.3150117E-4             
8200.41                  2.2823043E-4             
8222.815                 2.2502383E-4             
8245.221                 2.2188127E-4             
8267.626                 2.1880299E-4             
8290.031                 2.1578875E-4             
8312.4375                2.1283855E-4             
8334.843                 2.0995263E-4             
8357.248                 2.0717268E-4             
8379.654                 2.0458041E-4             
8402.059                 2.0205781E-4             
8424.465                 1.996047E-4              
8446.87                  1.9722128E-4             
8469.275                 1.9490751E-4             
8491.681                 1.9266322E-4             
8514.087                 1.9048862E-4             
8536.492                 1.8838362E-4             
8558.897                 1.8634823E-4             
8581.304                 1.843824E-4              
8603.708                 1.8248627E-4             
8626.113                 1.8065971E-4             
8648.52                  1.7890272E-4             
8670.925                 1.7721542E-4             
8693.331                 1.7559764E-4             
8715.736                 1.729959E-4              
8738.141                 1.7044051E-4             
8760.547                 1.6794268E-4             
8782.952                 1.6550253E-4             
8805.357                 1.6311996E-4             
8827.764                 1.6079495E-4             
8850.169                 1.5852739E-4             
8872.574                 1.5631743E-4             
8894.9795                1.5416484E-4             
8917.386                 1.5206961E-4             
8939.79                  1.5003185E-4             
8962.196                 1.4805136E-4             
8984.602                 1.4612812E-4             
9007.007                 1.4426223E-4             
9029.413                 1.4245347E-4             
9051.818                 1.4070194E-4             
9074.225                 1.390075E-4              
9096.629                 1.3737027E-4             
9119.034                 1.3579006E-4             
9141.44                  1.3426687E-4             
9163.846                 1.3280073E-4             
9186.251                 1.3129118E-4             
9208.657                 1.2973211E-4             
9231.062                 1.2823584E-4             
9253.467                 1.2680206E-4             
9275.874                 1.2543074E-4             
9298.278                 1.2412199E-4             
9320.685                 1.2287547E-4             
9343.09                  1.2169134E-4             
9365.494                 1.2056949E-4             
9387.901                 1.1950971E-4             
9410.307                 1.18512085E-4            
9432.712                 1.1757649E-4             
9455.117                 1.16702875E-4            
9477.522                 1.15891155E-4            
9499.929                 1.1514127E-4             
9522.334                 1.14453156E-4            
9544.739                 1.1382674E-4             
9567.145                 1.13261965E-4            
9589.55                  1.1275875E-4             
9611.955                 1.1231705E-4             
9634.361                 1.1193678E-4             
9656.767                 1.1161788E-4             
9679.172                 1.11360285E-4            
9701.577                 1.1116393E-4             
9723.982                 1.1102875E-4             
9746.388                 1.1095467E-4             
9768.794                 1.1094163E-4             
9791.199                 1.1098958E-4             
9813.605                 1.1109844E-4             
9836.01                  1.11268135E-4            
9858.415                 1.11498615E-4            
9880.822                 1.1178983E-4             
9903.228                 1.12141686E-4            
9925.633                 1.12554124E-4            
9948.038                 1.1302709E-4             
9970.443                 1.1356051E-4             
9992.85                  1.14154325E-4            
10015.255                1.13697104E-4            
10037.66                 1.1273934E-4             
10060.065                1.118086E-4              
10082.471                1.1090485E-4             
10104.876                1.1002807E-4             
10127.282                1.09178254E-4            
10149.6875               1.0835536E-4             
10172.093                1.0755938E-4             
10194.498                1.0679029E-4             
10216.903                1.0604808E-4             
10239.309                1.05332714E-4            
10261.715                1.0464418E-4             
10284.12                 1.0398246E-4             
10306.526                1.033475E-4              
10328.931                1.0273937E-4             
10351.336                1.0215795E-4             
10373.743                1.0160325E-4             
10396.147                1.01075304E-4            
10418.554                1.00574005E-4            
10440.959                1.00099394E-4            
10463.363                9.9651465E-5             
10485.77                 9.923012E-5              
10508.176                9.883541E-5              
10530.581                9.846729E-5              
10552.986                9.781337E-5              
10575.392                9.705813E-5              
10597.797                9.6305004E-5             
10620.203                9.555399E-5              
10642.608                9.480508E-5              
10665.014                9.405828E-5              
10687.419                9.3313596E-5             
10709.824                9.257101E-5              
10732.2295               9.183053E-5              
10754.636                9.109215E-5              
10777.041                9.035587E-5              
10799.447                8.962165E-5              
10821.852                8.88896E-5               
10844.257                8.8159606E-5             
10866.664                8.743167E-5              
10889.068                8.670589E-5              
10911.475                8.598214E-5              
10933.88                 8.529028E-5              
10956.284                8.462197E-5              
10978.69                 8.3957035E-5             
11001.097                8.329557E-5              
11023.502                8.263754E-5              
11045.907                8.1982944E-5             
11068.3125               8.133178E-5              
11090.718                8.068406E-5              
11113.124                8.0039776E-5             
11135.529                7.9398924E-5             
11157.935                7.876151E-5              
11180.34                 7.812754E-5              
