% x                      y                        z                        
-30000.0                 -2.2933823E-7            
-29698.492               -2.4994526E-7            
-29396.984               -2.7055228E-7            
-29095.477               -2.911593E-7             
-28793.97                -3.117662E-7             
-28492.463               -3.3237322E-7            
-28190.955               -3.5298024E-7            
-27889.447               -3.7358726E-7            
-27587.94                -3.9419427E-7            
-27286.432               -4.1480132E-7            
-26984.924               -4.3540834E-7            
-26683.418               -4.5601521E-7            
-26381.91                -4.7662223E-7            
-26080.402               -4.972293E-7             
-25778.895               -5.1783627E-7            
-25477.387               -5.384433E-7             
-25175.879               -5.5905036E-7            
-24874.371               -5.7965735E-7            
-24572.863               -6.002644E-7             
-24271.357               -6.208713E-7             
-23969.85                -6.414783E-7             
-23668.342               -6.620853E-7             
-23366.834               -6.8269236E-7            
-23065.326               -7.0329935E-7            
-22763.818               -7.239064E-7             
-22462.312               -7.445133E-7             
-22160.805               -7.651203E-7             
-21859.297               -7.857273E-7             
-21557.79                -8.0633436E-7            
-21256.281               -8.9593226E-7            
-20954.773               -7.498636E-7             
-20653.266               -8.6762134E-7            
-20351.758               -9.853791E-7             
-20050.25                -1.1031367E-6            
-19748.744               -1.2208936E-6            
-19447.234               -1.3386522E-6            
-19145.729               -1.4564091E-6            
-18844.223               -1.574166E-6             
-18542.715               -1.6919238E-6            
-18241.207               -1.8096815E-6            
-17939.7                 -1.9274391E-6            
-17638.191               -2.0451969E-6            
-17336.684               -2.1629546E-6            
-17035.176               -2.2807124E-6            
-16733.668               -2.39847E-6              
-16432.16                -2.5162278E-6            
-16130.653               -2.633985E-6             
-15829.1455              -2.7517428E-6            
-15527.638               -2.8695006E-6            
-15226.131               -2.9872579E-6            
-14924.623               -3.1050156E-6            
-14623.115               -3.222773E-6             
-14321.608               -3.3405306E-6            
-14020.1                 -3.8792273E-6            
-13718.593               -4.089875E-6             
-13417.086               -4.300523E-6             
-13115.578               -5.5368946E-6            
-12814.07                -5.1907286E-6            
-12512.5625              -5.5972428E-6            
-12211.055               -6.0216557E-6            
-11909.549               -6.465867E-6             
-11608.041               -6.9321018E-6            
-11306.531               -7.4229692E-6            
-11005.025               -7.941553E-6             
-10703.518               -8.491567E-6             
-10402.01                -9.751848E-6             
-10100.502               -1.0620709E-5            
-9798.994                -1.15248795E-5           
-9497.488                -1.24675325E-5           
-9195.98                 -1.3452298E-5            
-8894.471                -1.4483308E-5            
-8592.965                -1.5565296E-5            
-8291.457                -1.670378E-5             
-7989.949                -1.7905153E-5            
-7688.4434               -2.0723803E-5            
-7386.9336               -2.3262854E-5            
-7085.4277               -2.5696434E-5            
-6783.92                 -2.9313003E-5            
-6482.412                -3.2403463E-5            
-6180.9043               -3.5493922E-5            
-5879.3965               -3.858438E-5             
-5577.8906               -4.628256E-5             
-5276.383                -5.2659314E-5            
-4974.873                -5.903611E-5             
-4673.367                -6.541282E-5             
-4371.8594               -6.68317E-5              
-4070.3516               -8.90493E-5              
-3768.8438               -1.0610356E-4            
-3467.336                -1.2257123E-4            
-3165.83                 -1.4006771E-4            
-2864.3223               -1.6750931E-4            
-2562.8145               -2.0496052E-4            
-2261.3066               -2.4292358E-4            
-1959.7988               -2.7086417E-4            
-1658.291                -3.1341802E-4            
-1356.7852               -3.2840567E-4            
-1055.2754               -3.2072383E-4            
-753.76953               -2.7083256E-4            
-452.26172               -1.7653014E-4            
-150.7539                -1.3044059E-4            
150.7539                 1.8723878E-6             
452.25977                -1.7897732E-4            
753.76953                -2.7494653E-4            
1055.2773                -3.853167E-4             
1356.7832                -3.9957222E-4            
1658.291                 -4.5931127E-4            
1959.8008                -4.377776E-4             
2261.3066                -4.4343743E-4            
2562.8145                -4.1145558E-4            
2864.3203                -3.0537034E-4            
3165.8281                -2.9162687E-4            
3467.3398                -2.6016438E-4            
3768.8438                -2.2870272E-4            
4070.3516                -1.9724063E-4            
4371.8594                -1.626778E-4             
4673.367                 -1.4190933E-4            
4974.875                 -1.2114086E-4            
5276.379                 -1.0037266E-4            
5577.8906                -8.770712E-5             
5879.3984                -7.911224E-5             
6180.9023                -7.051747E-5             
6482.414                 -6.192248E-5             
6783.918                 -5.7031753E-5            
7085.426                 -5.0053815E-5            
7386.9375                -4.0778563E-5            
7688.4414                -3.5565765E-5            
7989.949                 -3.4240165E-5            
8291.457                 -3.1498825E-5            
8592.965                 -2.8912003E-5            
8894.473                 -2.646371E-5             
9195.98                  -2.4140214E-5            
9497.488                 -2.1929669E-5            
9798.996                 -1.9821775E-5            
10100.5                  -1.7807557E-5            
10402.012                -1.5879035E-5            
10703.516                -1.3516022E-5            
11005.023                -1.280829E-5             
11306.535                -1.2110739E-5            
11608.039                -1.1423051E-5            
11909.547                -1.0744874E-5            
12211.059                -1.0075899E-5            
12512.5625               -9.415856E-6             
12814.07                 -8.764439E-6             
13115.578                -8.121389E-6             
13417.086                -7.486451E-6             
13718.594                -7.652119E-6             
14020.102                -6.4103706E-6            
14321.609                -6.00382E-6              
14623.113                -5.597275E-6             
14924.621                -5.1907246E-6            
15226.133                -4.784169E-6             
15527.637                -4.3776236E-6            
15829.145                -3.971073E-6             
16130.656                -3.7112416E-6            
16432.16                 -3.5722478E-6            
16733.668                -3.4332525E-6            
17035.176                -3.294257E-6             
17336.684                -3.1552618E-6            
17638.191                -3.0162664E-6            
17939.7                  -2.8772708E-6            
18241.207                -2.7382755E-6            
18542.715                -2.5992802E-6            
18844.219                -2.4602866E-6            
19145.73                 -2.3212895E-6            
19447.234                -2.1822957E-6            
19748.742                -2.0433004E-6            
20050.254                -1.9043032E-6            
20351.758                -1.7653097E-6            
20653.266                -1.6263142E-6            
20954.773                -1.4873189E-6            
21256.281                -1.2745849E-6            
21557.79                 -1.2429678E-6            
21859.297                -1.2113505E-6            
22160.805                -1.1797334E-6            
22462.312                -1.1481162E-6            
22763.82                 -1.1164991E-6            
23065.328                -1.0848819E-6            
23366.832                -1.0532651E-6            
23668.34                 -1.0216479E-6            
23969.852                -9.900303E-7             
24271.355                -9.584136E-7             
24572.863                -9.267964E-7             
24874.371                -8.9517926E-7            
25175.879                -8.635621E-7             
25477.387                -8.3194493E-7            
25778.895                -8.003277E-7             
26080.402                -7.6871055E-7            
26381.91                 -7.370934E-7             
26683.418                -7.054762E-7             
26984.926                -6.7385906E-7            
27286.43                 -6.422423E-7             
27587.941                -6.106247E-7             
27889.45                 -5.790075E-7             
28190.953                -5.4739075E-7            
28492.46                 -5.157736E-7             
28793.973                -4.84156E-7              
29095.477                -4.5253924E-7            
29396.984                -4.2092208E-7            
29698.492                -3.893049E-7             
30000.0                  -3.5768772E-7            
