% x                      y                        z                        
-30000.0                 -0.00232516              
-29698.492               -0.0023676502            
-29396.984               -0.0024142175            
-29095.477               -0.002464862             
-28793.97                -0.0025195836            
-28492.463               -0.0025783826            
-28190.955               -0.0026412588            
-27889.447               -0.0027082122            
-27587.94                -0.002779243             
-27286.432               -0.002854351             
-26984.924               -0.0029335362            
-26683.418               -0.003016798             
-26381.91                -0.0031041377            
-26080.402               -0.0031955545            
-25778.895               -0.0032910486            
-25477.387               -0.00339062              
-25175.879               -0.0034942685            
-24874.371               -0.0036019944            
-24572.863               -0.0037137973            
-24271.357               -0.0038296767            
-23969.85                -0.0039496343            
-23668.342               -0.0040736687            
-23366.834               -0.004201781             
-23065.326               -0.00433397              
-22763.818               -0.004470236             
-22462.312               -0.004610579             
-22160.805               -0.0047549997            
-21859.297               -0.0049034976            
-21557.79                -0.005056073             
-21256.281               -0.005214363             
-20954.773               -0.005412579             
-20653.266               -0.005567009             
-20351.758               -0.0057400987            
-20050.25                -0.0059318477            
-19748.744               -0.0061422545            
-19447.234               -0.006371323             
-19145.729               -0.006619048             
-18844.223               -0.006885432             
-18542.715               -0.007170477             
-18241.207               -0.007474181             
-17939.7                 -0.007796544             
-17638.191               -0.008137567             
-17336.684               -0.008497248             
-17035.176               -0.00887559              
-16733.668               -0.00927259              
-16432.16                -0.00968825              
-16130.653               -0.010122567             
-15829.1455              -0.010575545             
-15527.638               -0.011047183             
-15226.131               -0.011537477             
-14924.623               -0.012046433             
-14623.115               -0.012574048             
-14321.608               -0.013120321             
-14020.1                 -0.013809456             
-13718.593               -0.014543068             
-13417.086               -0.015337861             
-13115.578               -0.016196009             
-12814.07                -0.017114894             
-12512.5625              -0.018052889             
-12211.055               -0.019036809             
-11909.549               -0.020069866             
-11608.041               -0.021155685             
-11306.531               -0.02229835              
-11005.025               -0.023502473             
-10703.518               -0.024773376             
-10402.01                -0.026199998             
-10100.502               -0.027817823             
-9798.994                -0.029610284             
-9497.488                -0.0315874               
-9195.98                 -0.033760235             
-8894.471                -0.03614097              
-8592.965                -0.03874306              
-8291.457                -0.041581582             
-7989.949                -0.04467332              
-7688.4434               -0.04775682              
-7386.9336               -0.051126882             
-7085.4277               -0.05475548              
-6783.92                 -0.05881493              
-6482.412                -0.06350973              
-6180.9043               -0.06880493              
-5879.3965               -0.07470051              
-5577.8906               -0.08153749              
-5276.383                -0.089229345             
-4974.873                -0.09771986              
-4673.367                -0.10700887              
-4371.8594               -0.1167096               
-4070.3516               -0.12766285              
-3768.8438               -0.14182329              
-3467.336                -0.15735897              
-3165.83                 -0.17407127              
-2864.3223               -0.192417                
-2562.8145               -0.2138542               
-2261.3066               -0.23853183              
-1959.7988               -0.26048338              
-1658.291                -0.27828288              
-1356.7852               -0.2882102               
-1055.2754               -0.2757202               
-753.76953               -0.22367284              
-452.26172               -0.11399327              
-150.7539                0.047395136              
150.7539                 0.22793342               
452.25977                0.3952841                
753.76953                0.5421314                
1055.2773                0.6353169                
1356.7832                0.66678876               
1658.291                 0.6585941                
1959.8008                0.625716                 
2261.3066                0.5822074                
2562.8145                0.5283137                
2864.3203                0.47196025               
3165.8281                0.42166373               
3467.3398                0.37862742               
3768.8438                0.3385026                
4070.3516                0.3012876                
4371.8594                0.2691059                
4673.367                 0.23983194               
4974.875                 0.21500613               
5276.379                 0.19462873               
5577.8906                0.17767851               
5879.3984                0.16250473               
6180.9023                0.14838791               
6482.414                 0.1353275                
6783.918                 0.123533964              
7085.426                 0.11333922               
7386.9375                0.10446175               
7688.4414                0.096358895              
7989.949                 0.089479424              
8291.457                 0.08301714               
8592.965                 0.07707882               
8894.473                 0.071629815              
9195.98                  0.06663915               
9497.488                 0.062078968              
9798.996                 0.057924144              
10100.5                  0.054151945              
10402.012                0.050741505              
10703.516                0.047742855              
11005.023                0.045102954              
11306.535                0.042613596              
11608.039                0.04027138               
11909.547                0.03807285               
12211.059                0.03601477               
12512.5625               0.0340941                
12814.07                 0.032307755              
13115.578                0.030652873              
13417.086                0.029126655              
13718.594                0.027684554              
14020.102                0.026240312              
14321.609                0.024992933              
14623.113                0.023785774              
14924.621                0.022618802              
15226.133                0.021492021              
15527.637                0.020405471              
15829.145                0.019359112              
16130.656                0.018380675              
16432.16                 0.01762088               
16733.668                0.016888786              
17035.176                0.0161844                
17336.684                0.015507728              
17638.191                0.014858764              
17939.7                  0.01423751               
18241.207                0.013643967              
18542.715                0.013078134              
18844.219                0.012540018              
19145.73                 0.0120295985             
19447.234                0.011546902              
19748.742                0.01109191               
20050.254                0.010664622              
20351.758                0.010265056              
20653.266                0.009893195              
20954.773                0.009549043              
21256.281                0.009120573              
21557.79                 0.008835322              
21859.297                0.008557507              
22160.805                0.008287127              
22462.312                0.008024183              
22763.82                 0.007768674              
23065.328                0.0075205998             
23366.832                0.0072799646             
23668.34                 0.0070467615             
23969.852                0.0068209902             
24271.355                0.0066026608             
24572.863                0.006391763              
24874.371                0.0061883014             
25175.879                0.0059922747             
25477.387                0.0058036833             
25778.895                0.0056225276             
26080.402                0.0054488066             
26381.91                 0.0052825212             
26683.418                0.005123671              
26984.926                0.0049722567             
27286.43                 0.004828279              
27587.941                0.004691733              
27889.45                 0.0045626243             
28190.953                0.0044409526             
28492.46                 0.004326714              
28793.973                0.00421991               
29095.477                0.004120544              
29396.984                0.004028612              
29698.492                0.003944115              
30000.0                  0.0038670532             
