% x                      y                        z                        
-30000.0                 -0.004215341             
-29698.492               -0.0043087653            
-29396.984               -0.004409704             
-29095.477               -0.0045181564            
-28793.97                -0.0046341224            
-28492.463               -0.0047576036            
-28190.955               -0.0048885993            
-27889.447               -0.0050271093            
-27587.94                -0.005173133             
-27286.432               -0.0053266715            
-26984.924               -0.0054877247            
-26683.418               -0.0056562903            
-26381.91                -0.005832372             
-26080.402               -0.006015967             
-25778.895               -0.0062070773            
-25477.387               -0.0064057014            
-25175.879               -0.00661184              
-24874.371               -0.0068254927            
-24572.863               -0.0070466595            
-24271.357               -0.0072753397            
-23969.85                -0.007511535             
-23668.342               -0.007755245             
-23366.834               -0.008006469             
-23065.326               -0.0082652075            
-22763.818               -0.008531461             
-22462.312               -0.008805226             
-22160.805               -0.009086507             
-21859.297               -0.009375303             
-21557.79                -0.009671613             
-21256.281               -0.009975437             
-20954.773               -0.010277355             
-20653.266               -0.010610954             
-20351.758               -0.010976442             
-20050.25                -0.011373822             
-19748.744               -0.011803089             
-19447.234               -0.012264251             
-19145.729               -0.012757298             
-18844.223               -0.013282235             
-18542.715               -0.013839065             
-18241.207               -0.014427786             
-17939.7                 -0.015048397             
-17638.191               -0.015700897             
-17336.684               -0.016385289             
-17035.176               -0.017101571             
-16733.668               -0.017849743             
-16432.16                -0.018629806             
-16130.653               -0.019441755             
-15829.1455              -0.020285599             
-15527.638               -0.021161333             
-15226.131               -0.022068953             
-14924.623               -0.023008468             
-14623.115               -0.023979872             
-14321.608               -0.024983162             
-14020.1                 -0.026186498             
-13718.593               -0.027603582             
-13417.086               -0.029139694             
-13115.578               -0.030793728             
-12814.07                -0.032482114             
-12512.5625              -0.03424012              
-12211.055               -0.036072455             
-11909.549               -0.03798439              
-11608.041               -0.039981864             
-11306.531               -0.04207158              
-11005.025               -0.044261124             
-10703.518               -0.046559267             
-10402.01                -0.04907354              
-10100.502               -0.051889583             
-9798.994                -0.055000253             
-9497.488                -0.058422245             
-9195.98                 -0.06217397              
-8894.471                -0.06627568              
-8592.965                -0.07074968              
-8291.457                -0.07562097              
-7989.949                -0.08091732              
-7688.4434               -0.08659743              
-7386.9336               -0.09231878              
-7085.4277               -0.09811994              
-6783.92                 -0.10454853              
-6482.412                -0.11229722              
-6180.9043               -0.120984636             
-5879.3965               -0.13061075              
-5577.8906               -0.14102043              
-5276.383                -0.1522412               
-4974.873                -0.16429658              
-4673.367                -0.17718635              
-4371.8594               -0.19091074              
-4070.3516               -0.20693776              
-3768.8438               -0.2237078               
-3467.336                -0.24066491              
-3165.83                 -0.257809                
-2864.3223               -0.27482972              
-2562.8145               -0.29077727              
-2261.3066               -0.30486748              
-1959.7988               -0.31319222              
-1658.291                -0.3139908               
-1356.7852               -0.30782694              
-1055.2754               -0.28888333              
-753.76953               -0.24960053              
-452.26172               -0.17711744              
-150.7539                -0.056302093             
150.7539                 0.09872644               
452.25977                0.2767517                
753.76953                0.43853086               
1055.2773                0.55528635               
1356.7832                0.62679446               
1658.291                 0.64529574               
1959.8008                0.63239723               
2261.3066                0.60031337               
2562.8145                0.5601617                
2864.3203                0.5098963                
3165.8281                0.462764                 
3467.3398                0.4224682                
3768.8438                0.38359356               
4070.3516                0.34613857               
4371.8594                0.31044027               
4673.367                 0.27913052               
4974.875                 0.25192627               
5276.379                 0.22882776               
5577.8906                0.21018443               
5879.3984                0.19310962               
6180.9023                0.17706138               
6482.414                 0.1620391                
6783.918                 0.14811054               
7085.426                 0.136024                 
7386.9375                0.1252996                
7688.4414                0.115315415              
7989.949                 0.10692679               
8291.457                 0.09943937               
8592.965                 0.092523396              
8894.473                 0.08614164               
9195.98                  0.080260746              
9497.488                 0.074850686              
9798.996                 0.06988432               
10100.5                  0.06533709               
10402.012                0.0611864                
10703.516                0.05750404               
11005.023                0.05426467               
11306.535                0.051210526              
11608.039                0.048337385              
11909.547                0.045640968              
12211.059                0.04311726               
12512.5625               0.0407625                
12814.07                 0.03857287               
13115.578                0.03654482               
13417.086                0.034674887              
13718.594                0.032959737              
14020.102                0.03140175               
14321.609                0.029911004              
14623.113                0.028461974              
14924.621                0.027054625              
15226.133                0.02568896               
15527.637                0.024365028              
15829.145                0.023082778              
16130.656                0.02184557               
16432.16                 0.02092237               
16733.668                0.020033319              
17035.176                0.019178428              
17336.684                0.018357696              
17638.191                0.017571125              
17939.7                  0.016818713              
18241.207                0.016100463              
18542.715                0.01541637               
18844.219                0.014766446              
19145.73                 0.014150666              
19447.234                0.013569062              
19748.742                0.013021609              
20050.254                0.012508309              
20351.758                0.012029183              
20653.266                0.01158421               
20954.773                0.011173397              
21256.281                0.010783754              
21557.79                 0.010446435              
21859.297                0.010115954              
22160.805                0.009794217              
22462.312                0.009481223              
22763.82                 0.009176972              
23065.328                0.008881465              
23366.832                0.008594704              
23668.34                 0.008316683              
23969.852                0.008047402              
24271.355                0.0077868705             
24572.863                0.0075350795             
24874.371                0.007292032              
25175.879                0.0070577273             
25477.387                0.006832166              
25778.895                0.006615348              
26080.402                0.0064072735             
26381.91                 0.006207942              
26683.418                0.006017354              
26984.926                0.0058355094             
27286.43                 0.00566241               
27587.941                0.00549805               
27889.45                 0.0053424346             
28190.953                0.005195565              
28492.46                 0.005057437              
28793.973                0.00492805               
29095.477                0.00480741               
29396.984                0.0046955114             
29698.492                0.0045923563             
30000.0                  0.0044979444             
