% x                      y                        z                        
-30000.0                 -0.0024044483            
-29698.492               -0.0024563754            
-29396.984               -0.0025135677            
-29095.477               -0.0025760252            
-28793.97                -0.0026437475            
-28492.463               -0.0027167355            
-28190.955               -0.0027949887            
-27889.447               -0.0028785071            
-27587.94                -0.002967291             
-27286.432               -0.00306134              
-26984.924               -0.003160654             
-26683.418               -0.0032652328            
-26381.91                -0.0033750774            
-26080.402               -0.0034901872            
-25778.895               -0.0036105625            
-25477.387               -0.0037362028            
-25175.879               -0.0038671084            
-24874.371               -0.0040032794            
-24572.863               -0.004144715             
-24271.357               -0.0042914157            
-23969.85                -0.0044433824            
-23668.342               -0.004600614             
-23366.834               -0.004763111             
-23065.326               -0.0049308734            
-22763.818               -0.005103901             
-22462.312               -0.0052821925            
-22160.805               -0.0054657506            
-21859.297               -0.0056545734            
-21557.79                -0.005848662             
-21256.281               -0.006048016             
-20954.773               -0.0062129567            
-20653.266               -0.006397312             
-20351.758               -0.0066074366            
-20050.25                -0.0068433313            
-19748.744               -0.0071049933            
-19447.234               -0.0073924283            
-19145.729               -0.0077056293            
-18844.223               -0.0080446               
-18542.715               -0.008409342             
-18241.207               -0.008799854             
-17939.7                 -0.009216134             
-17638.191               -0.009658186             
-17336.684               -0.010126006             
-17035.176               -0.010619596             
-16733.668               -0.011138955             
-16432.16                -0.011684084             
-16130.653               -0.012254981             
-15829.1455              -0.01285165              
-15527.638               -0.013474088             
-15226.131               -0.014122293             
-14924.623               -0.01479627              
-14623.115               -0.015496017             
-14321.608               -0.01622153              
-14020.1                 -0.017052833             
-13718.593               -0.017950512             
-13417.086               -0.018858004             
-13115.578               -0.019777035             
-12814.07                -0.020828322             
-12512.5625              -0.021956319             
-12211.055               -0.02316622              
-11909.549               -0.024463825             
-11608.041               -0.025855677             
-11306.531               -0.027349161             
-11005.025               -0.028952647             
-10703.518               -0.030675784             
-10402.01                -0.032684393             
-10100.502               -0.034890786             
-9798.994                -0.037225425             
-9497.488                -0.03969557              
-9195.98                 -0.04230925              
-8894.471                -0.045075275             
-8592.965                -0.048003346             
-8291.457                -0.051104352             
-7989.949                -0.054390382             
-7688.4434               -0.05807522              
-7386.9336               -0.06279432              
-7085.4277               -0.068234354             
-6783.92                 -0.07413338              
-6482.412                -0.0801422               
-6180.9043               -0.08643702              
-5879.3965               -0.09301782              
-5577.8906               -0.10100153              
-5276.383                -0.1103201               
-4974.873                -0.12081655              
-4673.367                -0.13249066              
-4371.8594               -0.14534266              
-4070.3516               -0.16010913              
-3768.8438               -0.17706567              
-3467.336                -0.1961824               
-3165.83                 -0.21745922              
-2864.3223               -0.24635151              
-2562.8145               -0.27754158              
-2261.3066               -0.3104416               
-1959.7988               -0.34866446              
-1658.291                -0.3829973               
-1356.7852               -0.41231012              
-1055.2754               -0.41485125              
-753.76953               -0.3686764               
-452.26172               -0.2524048               
-150.7539                -0.06267034              
150.7539                 0.15923761               
452.25977                0.38510248               
753.76953                0.56109655               
1055.2773                0.6746242                
1356.7832                0.72481847               
1658.291                 0.720021                 
1959.8008                0.6832992                
2261.3066                0.6273258                
2562.8145                0.5659242                
2864.3203                0.5020636                
3165.8281                0.45038778               
3467.3398                0.4011944                
3768.8438                0.3567046                
4070.3516                0.31691658               
4371.8594                0.28230923               
4673.367                 0.25288245               
4974.875                 0.22678585               
5276.379                 0.20401978               
5577.8906                0.18495847               
5879.3984                0.16801104               
6180.9023                0.1528297                
6482.414                 0.13941392               
6783.918                 0.12755477               
7085.426                 0.11621991               
7386.9375                0.107463345              
7688.4414                0.10015185               
7989.949                 0.09259152               
8291.457                 0.085477896              
8592.965                 0.078995295              
8894.473                 0.07310257               
9195.98                  0.06776287               
9497.488                 0.062943004              
9798.996                 0.058613002              
10100.5                  0.0547457                
10402.012                0.051316172              
10703.516                0.048401378              
11005.023                0.045895737              
11306.535                0.043482874              
11608.039                0.04116071               
11909.547                0.038927056              
12211.059                0.036779907              
12512.5625               0.034717407              
12814.07                 0.032737605              
13115.578                0.030838732              
13417.086                0.029019052              
13718.594                0.027276892              
14020.102                0.02567881               
14321.609                0.02424362               
14623.113                0.02293609               
14924.621                0.021756189              
15226.133                0.020703917              
15527.637                0.019779315              
15829.145                0.018982345              
16130.656                0.018310996              
16432.16                 0.017550403              
16733.668                0.016816514              
17035.176                0.016109334              
17336.684                0.015428867              
17638.191                0.014775111              
17939.7                  0.014148067              
18241.207                0.013547734              
18542.715                0.012974114              
18844.219                0.012427212              
19145.73                 0.011907007              
19447.234                0.011413527              
19748.742                0.0109467525             
20050.254                0.010506683              
20351.758                0.010093337              
20653.266                0.009706697              
20954.773                0.009346768              
21256.281                0.0090088155             
21557.79                 0.008716922              
21859.297                0.00843753               
22160.805                0.00816573               
22462.312                0.007901522              
22763.82                 0.0076449052             
23065.328                0.0073958803             
23366.832                0.00715445               
23668.34                 0.006920608              
23969.852                0.006694355              
24271.355                0.0064757                
24572.863                0.0062646335             
24874.371                0.0060611586             
25175.879                0.0058652754             
25477.387                0.005676984              
25778.895                0.005496284              
26080.402                0.0053231763             
26381.91                 0.0051576598             
26683.418                0.0049997354             
26984.926                0.0048494027             
27286.43                 0.004706663              
27587.941                0.004571512              
27889.45                 0.004443954              
28190.953                0.0043239896             
28492.46                 0.0042116153             
28793.973                0.0041068313             
29095.477                0.0040096417             
29396.984                0.0039200424             
29698.492                0.003838035              
30000.0                  0.003763619              
