% x                      y                        z                        
-30000.0                 1.530845E-4              
-29698.492               1.2337658E-4             
-29396.984               9.3003844E-5             
-29095.477               6.19663E-5               
-28793.97                3.0264155E-5             
-28492.463               -2.103E-6                
-28190.955               -3.5134963E-5            
-27889.447               -6.883173E-5             
-27587.94                -1.03193306E-4           
-27286.432               -1.382197E-4             
-26984.924               -1.7391088E-4            
-26683.418               -2.1026665E-4            
-26381.91                -2.4728745E-4            
-26080.402               -2.8497307E-4            
-25778.895               -3.2332347E-4            
-25477.387               -3.623387E-4             
-25175.879               -4.0201872E-4            
-24874.371               -4.4236358E-4            
-24572.863               -4.833732E-4             
-24271.357               -5.250474E-4             
-23969.85                -5.673867E-4             
-23668.342               -6.1039074E-4            
-23366.834               -6.540596E-4             
-23065.326               -6.9839327E-4            
-22763.818               -7.4339175E-4            
-22462.312               -7.890547E-4             
-22160.805               -8.3538285E-4            
-21859.297               -8.8237575E-4            
-21557.79                -9.3003345E-4            
-21256.281               -9.78356E-4              
-20954.773               -0.0011119649            
-20653.266               -0.0012511411            
-20351.758               -0.001383596             
-20050.25                -0.0015093294            
-19748.744               -0.0016283408            
-19447.234               -0.0017406322            
-19145.729               -0.0018462009            
-18844.223               -0.0019450482            
-18542.715               -0.002037175             
-18241.207               -0.00212258              
-17939.7                 -0.002201264             
-17638.191               -0.0022732266            
-17336.684               -0.0023384676            
-17035.176               -0.0023969873            
-16733.668               -0.0024487856            
-16432.16                -0.0024938625            
-16130.653               -0.0025322181            
-15829.1455              -0.0025638524            
-15527.638               -0.002588765             
-15226.131               -0.0026069565            
-14924.623               -0.0026184265            
-14623.115               -0.0026231753            
-14321.608               -0.0026212025            
-14020.1                 -0.0025818218            
-13718.593               -0.0024945112            
-13417.086               -0.0023745543            
-13115.578               -0.002221938             
-12814.07                -0.0020380062            
-12512.5625              -0.0018240013            
-12211.055               -0.001577887             
-11909.549               -0.0012973882            
-11608.041               -9.799419E-4             
-11306.531               -6.2265364E-4            
-11005.025               -2.2223828E-4            
-10703.518               2.2508405E-4             
-10402.01                8.3519303E-4             
-10100.502               0.0016487461             
-9798.994                0.0026398129             
-9497.488                0.0038184586             
-9195.98                 0.0051957625             
-8894.471                0.006783925              
-8592.965                0.008596411              
-8291.457                0.010648256              
-7989.949                0.012956204              
-7688.4434               0.015667599              
-7386.9336               0.019015728              
-7085.4277               0.022699226              
-6783.92                 0.026898157              
-6482.412                0.032031015              
-6180.9043               0.03804049               
-5879.3965               0.044926576              
-5577.8906               0.052766014              
-5276.383                0.062442794              
-4974.873                0.07403051               
-4673.367                0.08752893               
-4371.8594               0.10293829               
-4070.3516               0.122602604              
-3768.8438               0.14715512               
-3467.336                0.17608085               
-3165.83                 0.20937954               
-2864.3223               0.24894333               
-2562.8145               0.29790026               
-2261.3066               0.35625216               
-1959.7988               0.42595142               
-1658.291                0.51299745               
-1356.7852               0.6182407                
-1055.2754               0.75531924               
-753.76953               0.9306193                
-452.26172               1.1463313                
-150.7539                1.3696504                
150.7539                 1.542931                 
452.25977                1.6335425                
753.76953                1.6009098                
1055.2773                1.4792662                
1356.7832                1.3057083                
1658.291                 1.1088808                
1959.8008                0.9243736                
2261.3066                0.7629885                
2562.8145                0.6261758                
2864.3203                0.5074577                
3165.8281                0.41865253               
3467.3398                0.34250674               
3768.8438                0.27879757               
4070.3516                0.22752234               
4371.8594                0.18839143               
4673.367                 0.15661813               
4974.875                 0.13021974               
5276.379                 0.10919653               
5577.8906                0.092513055              
5879.3984                0.0777293                
6180.9023                0.06474494               
6482.414                 0.053559497              
6783.918                 0.04421652               
7085.426                 0.036754202              
7386.9375                0.030841427              
7688.4414                0.025572838              
7989.949                 0.021218697              
8291.457                 0.017473968              
8592.965                 0.014151299              
8894.473                 0.011223177              
9195.98                  0.008664956              
9497.488                 0.006454454              
9798.996                 0.00457162               
10100.5                  0.0029982796             
10402.012                0.0017178071             
10703.516                7.4343523E-4             
11005.023                -2.5376927E-5            
11306.535                -7.135488E-4             
11608.039                -0.0013229435            
11909.547                -0.0018554018            
12211.059                -0.002312668             
12512.5625               -0.002696407             
12814.07                 -0.0030082553            
13115.578                -0.0032497689            
13417.086                -0.003422453             
13718.594                -0.0035277603            
14020.102                -0.0036715798            
14321.609                -0.0038422772            
14623.113                -0.003975197             
14924.621                -0.004070343             
15226.133                -0.0041277134            
15527.637                -0.004147307             
15829.145                -0.004129125             
16130.656                -0.0040729214            
16432.16                 -0.003975437             
16733.668                -0.0038730279            
17035.176                -0.0037656955            
17336.684                -0.0036534395            
17638.191                -0.0035362602            
17939.7                  -0.0034141575            
18241.207                -0.0032871314            
18542.715                -0.0031551819            
18844.219                -0.0030183108            
19145.73                 -0.0028765125            
19447.234                -0.0027297947            
19748.742                -0.0025781514            
20050.254                -0.0024215828            
20351.758                -0.002260095             
20653.266                -0.0020936816            
20954.773                -0.0019223447            
21256.281                -0.0017727758            
21557.79                 -0.0016970609            
21859.297                -0.0016251853            
22160.805                -0.0015541108            
22462.312                -0.0014838374            
22763.82                 -0.0014143651            
23065.328                -0.001345694             
23366.832                -0.0012778249            
23668.34                 -0.001210756             
23969.852                -0.0011444873            
24271.355                -0.0010790215            
24572.863                -0.001014356             
24874.371                -9.5049164E-4            
25175.879                -8.8742835E-4            
25477.387                -8.251662E-4             
25778.895                -7.637052E-4             
26080.402                -7.030452E-4             
26381.91                 -6.4318645E-4            
26683.418                -5.841288E-4             
26984.926                -5.258723E-4             
27286.43                 -4.684176E-4             
27587.941                -4.1176256E-4            
27889.45                 -3.559094E-4             
28190.953                -3.0085808E-4            
28492.46                 -2.4660715E-4            
28793.973                -1.9315667E-4            
29095.477                -1.4050868E-4            
29396.984                -8.866112E-5             
29698.492                -3.7614693E-5            
30000.0                  1.2630612E-5             
