% x                      y                        z                        
-4.973799E-14            -4.8782527E-5            
20.040081                -2.3799068E-4            
40.080162                -4.2719883E-4            
60.12024                 -6.1640696E-4            
80.160324                -8.056151E-4             
100.2004                 -9.948232E-4             
120.24048                -0.0011840314            
140.28056                -0.0013732396            
160.32065                -0.0015624478            
180.36073                -0.001751656             
200.4008                 -0.0019408639            
220.44089                -0.002130072             
240.48096                -0.00231928              
260.52106                -0.0025084885            
280.56113                -0.0026976964            
300.6012                 -0.00284839              
320.6413                 -0.0030369975            
340.68137                -0.0032789905            
360.72147                -0.0033868172            
380.7615                 -0.0035571896            
400.8016                 -0.0036396524            
420.84167                -0.003722115             
440.88177                -0.0038045775            
460.92188                -0.0038870403            
480.9619                 -0.0039695026            
501.00198                -0.004051965             
521.0421                 -0.0041344278            
541.08215                -0.0042168903            
561.12225                -0.004299353             
581.1623                 -0.0043818154            
601.2024                 -0.004464278             
621.2425                 -0.0045467406            
641.2826                 -0.0046292036            
661.32263                -0.0047563007            
681.36273                -0.004687678             
701.4028                 -0.004619056             
721.44293                -0.0045504333            
741.483                  -0.004481811             
761.523                  -0.004413189             
781.5632                 -0.0043445663            
801.6032                 -0.004275944             
821.6433                 -0.0042073214            
841.68335                -0.0041386993            
861.72345                -0.0040700766            
881.76355                -0.0040014545            
901.8036                 -0.0039328323            
921.84375                -0.0038642094            
941.8838                 -0.0037856193            
961.9238                 -0.003712192             
981.9639                 -0.0036387644            
1002.00397               -0.003565337             
1022.0441                -0.0034919092            
1042.0842                -0.0034184814            
1062.1243                -0.003345054             
1082.1643                -0.0032716268            
1102.2043                -0.0031981994            
1122.2445                -0.0031247716            
1142.2845                -0.0030513443            
1162.3246                -0.002977917             
1182.3647                -0.0029044892            
1202.4048                -0.0023501366            
1222.445                 -0.0022925152            
1242.485                 -0.0022348943            
1262.525                 -0.0021772734            
1282.5652                -0.002119652             
1302.6052                -0.0020620308            
1322.6453                -0.00200441              
1342.6854                -0.0019467884            
1362.7255                -0.0017995016            
1382.7655                -0.0017252153            
1402.8055                -0.0016509292            
1422.8457                -0.0015766426            
1442.8859                -0.0015023559            
1462.9258                -0.0014280702            
1482.966                 -0.0013537836            
1503.0061                -0.0012794969            
1523.046                 -0.0012052113            
1543.0862                -0.0011309246            
1563.1263                -0.001056638             
1583.1663                -9.823522E-4             
1603.2064                -9.080656E-4             
1623.2465                -8.337794E-4             
1643.2866                -7.594928E-4             
1663.3267                -7.3180866E-4            
1683.3667                -7.0753763E-4            
1703.4069                -6.832665E-4             
1723.4469                -6.589955E-4             
1743.4869                -6.3472445E-4            
1763.5271                -6.1045325E-4            
1783.567                 -5.861824E-4             
1803.6072                -5.619112E-4             
1823.6473                -5.3764007E-4            
1843.6875                -5.1336887E-4            
1863.7274                -4.89098E-4              
1883.7676                -4.6482685E-4            
1903.8076                -4.4055583E-4            
1923.8477                -4.2062224E-4            
1943.8878                -3.9738708E-4            
1963.9279                -3.741521E-4             
1983.9679                -3.5091708E-4            
2004.0079                -3.2768206E-4            
2024.0481                -3.0444693E-4            
2044.0883                -2.8121177E-4            
2064.1282                -2.579769E-4             
2084.1685                -2.3474162E-4            
2104.2085                -2.1150662E-4            
2124.2485                -1.8827162E-4            
2144.2886                -2.1531933E-4            
2164.3286                -2.0889303E-4            
2184.3687                -2.0246675E-4            
2204.4087                -1.9604046E-4            
2224.449                 -1.8961409E-4            
2244.489                 -1.831878E-4             
2264.529                 -1.767615E-4             
2284.569                 -1.7033522E-4            
2304.6094                -1.6390884E-4            
2324.6492                -1.5748265E-4            
2344.6895                -1.5105627E-4            
2364.7295                -1.4462999E-4            
2384.7695                -1.3820369E-4            
2404.8096                -1.317774E-4             
2424.8496                -1.2535111E-4            
2444.89                  -1.1892474E-4            
2464.93                  -1.1249845E-4            
2484.97                  -1.0607216E-4            
2505.01                  -9.964587E-5             
2525.05                  -9.094686E-5             
2545.0903                -8.4329695E-5            
2565.1304                -7.771261E-5             
2585.1702                -7.10956E-5              
2605.2104                -6.9988055E-5            
2625.2505                -6.844121E-5             
2645.2905                -6.689436E-5             
2665.3308                -6.53475E-5              
2685.3708                -6.380065E-5             
2705.4106                -6.225383E-5             
2725.451                 -6.0706963E-5            
2745.491                 -5.9160117E-5            
2765.531                 -5.7613273E-5            
2785.5713                -5.606641E-5             
2805.611                 -5.451958E-5             
2825.6511                -5.3125284E-5            
2845.6914                -5.167383E-5             
2865.7314                -5.022239E-5             
2885.7717                -4.877093E-5             
2905.8118                -4.731949E-5             
2925.8516                -4.5868066E-5            
2945.8918                -4.4416607E-5            
2965.932                 -4.2965166E-5            
2985.972                 -4.1513726E-5            
3006.0122                -4.006227E-5             
3026.052                 -3.8610848E-5            
3046.092                 -3.7159407E-5            
3066.1323                -3.5707948E-5            
3086.1724                -3.4256507E-5            
3106.2124                -3.2805066E-5            
3126.2527                -3.1353607E-5            
3146.2925                -2.9902187E-5            
3166.3325                -2.8450746E-5            
3186.3728                -2.6999287E-5            
3206.4128                -2.5547846E-5            
3226.453                 -2.4096407E-5            
3246.493                 -2.2644967E-5            
3266.533                 -2.1193526E-5            
3286.5732                -1.9742067E-5            
3306.6133                -1.8290628E-5            
3326.6533                -1.6839187E-5            
3346.6936                -1.5387728E-5            
3366.7334                -1.3936306E-5            
3386.7734                -1.5197849E-5            
3406.8137                -1.4115443E-5            
3426.8538                -1.3033051E-5            
3446.8938                -1.19506585E-5           
3466.934                 -1.08682525E-5           
3486.9739                -9.785874E-6             
3507.014                 -8.703481E-6             
3527.0542                -1.2648495E-5            
3547.0942                -1.2360984E-5            
3567.134                 -1.2073478E-5            
3587.1743                -1.17859645E-5           
3607.2144                -1.1498454E-5            
3627.2544                -1.1210944E-5            
3647.2947                -1.092343E-5             
3667.3347                -1.1612276E-5            
3687.375                 -1.1320983E-5            
3707.4148                -1.1029697E-5            
3727.4548                -1.0738408E-5            
3747.495                 -1.04471155E-5           
3767.5352                -1.0155826E-5            
3787.575                 -9.8645405E-6            
3807.6152                -9.5732485E-6            
3827.6553                -9.281959E-6             
3847.6953                -8.99067E-6              
3867.7356                -8.699377E-6             
3887.7756                -8.408088E-6             
3907.8154                -8.116803E-6             
3927.8557                -7.82551E-6              
3947.8958                -7.534221E-6             
3967.9358                -7.242932E-6             
3987.976                 -6.951639E-6             
4008.0159                -6.660354E-6             
4028.056                 -6.3690645E-6            
4048.0962                -6.077772E-6             
4068.1362                -5.3377157E-6            
4088.1765                -5.1458933E-6            
4108.2163                -4.9540754E-6            
4128.2563                -4.7622557E-6            
4148.297                 -4.570431E-6             
4168.337                 -4.378611E-6             
4188.3765                -4.186795E-6             
4208.417                 -3.9949705E-6            
4228.457                 -3.8031505E-6            
4248.497                 -3.6113304E-6            
4268.537                 -3.4195104E-6            
4288.577                 -3.2276903E-6            
4308.617                 -4.1545654E-6            
4328.657                 -4.0773007E-6            
4348.6973                -4.0000364E-6            
4368.7373                -3.922772E-6             
4388.778                 -3.845506E-6             
4408.8174                -3.7682432E-6            
4428.858                 -3.690977E-6             
4448.898                 -3.6137126E-6            
4468.938                 -3.5364483E-6            
4488.978                 -3.4591837E-6            
4509.018                 -3.3819194E-6            
4529.058                 -3.304655E-6             
4549.098                 -3.2273906E-6            
4569.138                 -3.1501263E-6            
4589.178                 -3.0728618E-6            
4609.2188                -2.9955954E-6            
4629.2583                -2.918333E-6             
4649.2983                -2.8410686E-6            
4669.339                 -2.7638023E-6            
4689.379                 -2.686538E-6             
4709.419                 -2.6092735E-6            
4729.459                 -2.5320091E-6            
4749.499                 -2.4547446E-6            
4769.539                 -2.3774803E-6            
4789.579                 -2.300216E-6             
4809.619                 -2.2229515E-6            
4829.6597                -2.1456854E-6            
4849.699                 -2.0684226E-6            
4869.7393                -1.9911583E-6            
4889.78                  -1.913892E-6             
4909.82                  -1.8366277E-6            
4929.86                  -1.7593633E-6            
4949.9                   -1.6820989E-6            
4969.94                  -1.6048344E-6            
4989.98                  -1.52757E-6              
5010.02                  -1.4503056E-6            
5030.0605                -1.3730394E-6            
5050.1                   -1.2957769E-6            
5070.14                  -1.2185125E-6            
5090.1807                -1.4675217E-6            
5110.22                  -1.4498814E-6            
5130.2607                -1.4322403E-6            
5150.301                 -1.4145996E-6            
5170.3403                -1.3969594E-6            
5190.381                 -1.3793183E-6            
5210.421                 -1.3616776E-6            
5230.461                 -1.344037E-6             
5250.501                 -1.3263963E-6            
5270.5415                -1.3087551E-6            
5290.581                 -1.2911149E-6            
5310.621                 -1.2734741E-6            
5330.6616                -1.2558331E-6            
5350.701                 -1.2381928E-6            
5370.7417                -1.2205517E-6            
5390.7817                -1.202911E-6             
5410.8213                -1.1852708E-6            
5430.862                 -1.1676296E-6            
5450.902                 -1.149989E-6             
5470.942                 -1.1323483E-6            
5490.982                 -1.1147076E-6            
5511.022                 -1.097067E-6             
5531.062                 -1.0794263E-6            
5551.102                 -1.0617856E-6            
5571.1426                -1.0441445E-6            
5591.182                 -1.0265043E-6            
5611.222                 -1.0088636E-6            
5631.2627                -9.912225E-7             
5651.3022                -9.735822E-7             
5671.343                 -9.559411E-7             
5691.383                 -9.383004E-7             
5711.4224                -9.2066017E-7            
5731.463                 -9.0301904E-7            
5751.503                 -8.8537837E-7            
5771.5435                -8.6773724E-7            
5791.583                 -8.5009697E-7            
5811.6235                -8.324559E-7             
5831.6636                -8.148152E-7             
5851.703                 -7.9717495E-7            
5871.7437                -7.795338E-7             
5891.7837                -7.6189315E-7            
5911.8237                -7.442525E-7             
5931.864                 -7.266118E-7             
5951.9043                -7.089707E-7             
5971.944                 -6.9133046E-7            
5991.984                 -6.736898E-7             
6012.0244                -6.5604866E-7            
6032.064                 -6.384084E-7             
6052.104                 -6.207677E-7             
6072.1445                -6.031266E-7             
6092.184                 -5.8548636E-7            
6112.2246                -5.6784523E-7            
6132.2646                -5.5020456E-7            
6152.304                 -5.325643E-7             
6172.3447                -5.149232E-7             
6192.385                 -4.9728254E-7            
6212.425                 -4.796418E-7             
6232.465                 -4.6200117E-7            
6252.5054                -4.4436004E-7            
6272.545                 -4.267198E-7             
6292.585                 -4.0907912E-7            
6312.6255                -3.91438E-7              
6332.665                 -3.907738E-7             
6352.7056                -3.6859203E-7            
6372.7456                -3.4641076E-7            
6392.785                 -3.2423003E-7            
6412.8257                -3.0204825E-7            
6432.8657                -2.7986698E-7            
6452.906                 -2.5768574E-7            
6472.946                 -2.3550447E-7            
6492.986                 -2.1332322E-7            
6513.026                 -1.9114195E-7            
6533.066                 -1.689607E-7             
6553.1064                -1.467789E-7             
6573.1465                -1.2459763E-7            
6593.186                 -1.0241692E-7            
6613.2266                -8.0235125E-8            
6633.2666                -5.8053864E-8            
6653.3066                -3.5872606E-8            
6673.3467                -1.3691348E-8            
6693.387                 8.490451E-9              
6713.427                 3.0671167E-8             
6733.467                 5.2852428E-8             
6753.5073                -2.7031734E-7            
6773.547                 -2.6812563E-7            
6793.5874                -2.659338E-7             
6813.6274                -2.63742E-7              
6833.667                 -2.615503E-7             
6853.7075                -2.5935847E-7            
6873.7476                -2.571667E-7             
6893.7876                -2.5497494E-7            
6913.8276                -2.5278317E-7            
6933.868                 -2.5059134E-7            
6953.9077                -2.483996E-7             
6973.9478                -2.4620783E-7            
6993.9883                -2.44016E-7              
7014.028                 -2.418243E-7             
7034.068                 -2.3963253E-7            
7054.1084                -2.3744069E-7            
7074.148                 -2.3524896E-7            
7094.1885                -2.3305714E-7            
7114.2285                -2.3086537E-7            
7134.268                 -2.2867364E-7            
7154.3086                -2.2648182E-7            
7174.3486                -2.2429005E-7            
7194.3887                -2.2209828E-7            
7214.4287                -2.199065E-7             
7234.469                 -2.1771467E-7            
7254.509                 -2.1552296E-7            
7274.549                 -2.1333118E-7            
7294.5894                -2.1113935E-7            
7314.6294                -2.0894758E-7            
7334.6694                -2.0675581E-7            
7354.7095                -2.0456403E-7            
7374.75                  -2.034582E-7             
7394.7896                -2.0091517E-7            
7414.8296                -1.9837368E-7            
7434.87                  -1.9583376E-7            
7454.9097                -1.9329559E-7            
7474.95                  -1.9075891E-7            
7494.99                  -1.8822391E-7            
7515.03                  -1.8569058E-7            
7535.0703                -1.8315875E-7            
7555.1104                -1.8062858E-7            
7575.15                  -1.7810007E-7            
7595.1904                -1.7557304E-7            
7615.2305                -1.7304768E-7            
7635.2705                -1.705239E-7             
7655.3105                -1.6800173E-7            
7675.351                 -1.654811E-7             
7695.3906                -1.6296217E-7            
7715.4307                -1.6044477E-7            
7735.471                 -1.5792888E-7            
7755.5107                -1.5541471E-7            
7775.5513                -1.52902E-7              
7795.5913                -1.5039092E-7            
7815.631                 -1.4788148E-7            
7835.6714                -1.4537349E-7            
7855.7114                -1.4286712E-7            
7875.7515                -1.4036233E-7            
7895.7915                -1.378591E-7             
7915.832                 -1.3535738E-7            
7935.8716                -1.3285734E-7            
7955.9116                -1.303588E-7             
7975.952                 -1.2786175E-7            
7995.9917                -1.2536637E-7            
8016.0317                -1.2287249E-7            
8036.0723                -1.203801E-7             
8056.112                 -1.1788936E-7            
8076.1523                -1.1540005E-7            
8096.1924                -1.12912346E-7           
8116.233                 -1.10426114E-7           
8136.2725                -1.07941545E-7           
8156.3125                -1.0545845E-7            
8176.353                 -1.0297682E-7            
8196.393                 -1.0049685E-7            
8216.433                 -9.801833E-8             
8236.474                 -9.554123E-8             
8256.513                 -9.306589E-8             
8276.553                 -9.0591946E-8            
8296.594                 -8.81194E-8              
8316.633                 -8.5648615E-8            
8336.674                 -8.3179096E-8            
8356.714                 -8.071121E-8             
8376.753                 -7.824496E-8             
8396.794                 -7.5779965E-8            
8416.834                 -7.33166E-8              
8436.874                 -7.085473E-8             
8456.914                 -6.8394364E-8            
8476.954                 -6.5935495E-8            
8496.994                 -6.3478126E-8            
8517.034                 -6.102224E-8             
8537.074                 -5.856785E-8             
8557.114                 -5.6114946E-8            
8577.154                 -5.3663527E-8            
8597.194                 -5.121359E-8             
8617.234                 -4.8765138E-8            
8637.274                 -4.631816E-8             
8657.314                 -4.3872664E-8            
8677.3545                -4.142864E-8             
8697.395                 -3.8986087E-8            
8717.435                 -3.6545007E-8            
8737.475                 -3.410539E-8             
8757.515                 -3.1667245E-8            
8777.556                 -2.923044E-8             
8797.595                 -2.6795334E-8            
8817.635                 -2.436157E-8             
8837.676                 -2.1929143E-8            
8857.716                 -1.949829E-8             
8877.756                 -1.7068889E-8            
8897.796                 -1.4640938E-8            
8917.836                 -1.2214436E-8            
8937.876                 -9.789379E-9             
8957.916                 -4.089165E-8             
8977.956                 -4.0840906E-8            
8997.996                 -4.079017E-8             
9018.036                 -4.0739444E-8            
9038.076                 -4.068873E-8             
9058.116                 -4.0638025E-8            
9078.156                 -4.058733E-8             
9098.196                 -4.0536648E-8            
9118.236                 -4.0485972E-8            
9138.276                 -4.0435307E-8            
9158.316                 -4.0384656E-8            
9178.356                 -4.0334008E-8            
9198.396                 -4.0283375E-8            
9218.4375                -4.023275E-8             
9238.477                 -4.0182137E-8            
9258.517                 -4.0131535E-8            
9278.558                 -4.0080938E-8            
9298.597                 -4.0030358E-8            
9318.638                 -3.997978E-8             
9338.678                 -3.9929215E-8            
9358.717                 -3.9878664E-8            
9378.758                 -3.982812E-8             
9398.798                 -3.9777586E-8            
9418.838                 -3.9727063E-8            
9438.878                 -3.9676546E-8            
9458.918                 -3.9626045E-8            
9478.958                 -3.957555E-8             
9498.998                 -3.9525066E-8            
9519.038                 -3.9474592E-8            
9539.078                 -3.942413E-8             
9559.118                 -3.9373674E-8            
9579.158                 -3.932323E-8             
9599.198                 -3.9272795E-8            
9619.238                 -3.922237E-8             
9639.278                 -3.9171958E-8            
9659.319                 -3.9121552E-8            
9679.358                 -3.907116E-8             
9699.398                 -3.9020776E-8            
9719.439                 -3.89704E-8              
9739.479                 -3.8920035E-8            
9759.52                  -3.886968E-8             
9779.56                  -3.8819334E-8            
9799.599                 -3.8769002E-8            
9819.64                  -3.8718674E-8            
9839.68                  -3.866836E-8             
9859.72                  -3.8618055E-8            
9879.76                  -3.856776E-8             
9899.8                   -3.8517474E-8            
9919.84                  -3.84672E-8              
9939.88                  -3.8416932E-8            
9959.92                  -3.836668E-8             
9979.96                  -3.8316433E-8            
10000.0                  -3.8266194E-8            
