% x                      y                        z                        
5.77316E-14              -6.80682E-6              
22.40549                 -2.8900681E-6            
44.81098                 -6.58396E-6              
67.21647                 -4.6208007E-7            
89.62196                 5.659802E-6              
112.02745                1.1781682E-5             
134.43294                1.1232047E-5             
156.83844                1.2477196E-5             
179.24393                8.541282E-6              
201.64943                -4.4304406E-6            
224.0549                 -1.7402153E-5            
246.4604                 -1.8034169E-5            
268.86588                2.1034131E-5             
291.2714                 1.6906666E-5             
313.67688                1.2779208E-5             
336.08237                8.65175E-6               
358.48785                4.5242855E-6             
380.89334                3.968271E-7              
403.29886                -3.7306374E-6            
425.7043                 -6.209248E-5             
448.1098                 -6.79613E-5              
470.5153                 -1.2563818E-5            
492.9208                 -2.1003118E-5            
515.3263                 -2.9442419E-5            
537.73175                -3.7881695E-5            
560.13727                -4.6320984E-5            
582.5428                 -5.4760298E-5            
604.94824                -6.319957E-5             
627.35376                -8.3817176E-5            
649.7592                 -9.5193565E-5            
672.16473                -1.8378143E-4            
694.57025                -2.1794358E-4            
716.9757                 -2.5210573E-4            
739.38116                -2.8626775E-4            
761.7867                 -3.204299E-4             
784.19214                -3.6067024E-4            
806.5977                 -4.1486145E-4            
829.0032                 -4.6905235E-4            
851.4086                 -5.2192586E-4            
873.8142                 -5.467136E-4             
896.2196                 -6.0355116E-4            
918.6251                 -6.505165E-4             
941.0306                 -7.012281E-4             
963.4361                 -7.210636E-4             
985.8416                 -7.4089906E-4            
1008.2471                -7.923595E-4             
1030.6526                -7.9305476E-4            
1053.0581                -7.9374993E-4            
1075.4635                -7.944451E-4             
1097.869                 -7.951403E-4             
1120.2745                -7.9583545E-4            
1142.68                  -7.7253045E-4            
1165.0856                -7.622219E-4             
1187.4911                -7.116728E-4             
1209.8965                -6.6465506E-4            
1232.3019                -6.1763736E-4            
1254.7075                -5.706193E-4             
1277.1129                -5.3342624E-4            
1299.5184                -5.0204364E-4            
1321.924                 -4.7066086E-4            
1344.3295                -4.3927826E-4            
1366.735                 -3.9460973E-4            
1389.1405                -3.680506E-4             
1411.5459                -3.4149145E-4            
1433.9514                -3.1493214E-4            
1456.3569                -2.88373E-4              
1478.7623                -2.6261783E-4            
1501.168                 -2.355179E-4             
1523.5734                -2.0841813E-4            
1545.9789                -1.705955E-4             
1568.3843                -1.6056711E-4            
1590.7899                -1.5147816E-4            
1613.1954                -1.4238921E-4            
1635.6007                -1.3330037E-4            
1658.0063                -1.2421142E-4            
1680.4119                -1.1512248E-4            
1702.8173                -1.0603364E-4            
1725.2228                -9.694469E-5             
1747.6284                -8.785575E-5             
1770.0337                -7.8348356E-5            
1792.4392                -7.683079E-5             
1814.8447                -9.034095E-5             
1837.2502                -8.8527195E-5            
1859.6558                -8.671345E-5             
1882.0612                -8.489971E-5             
1904.4668                -6.313917E-5             
1926.8722                -5.9445774E-5            
1949.2777                -5.5752378E-5            
1971.6832                -5.2058964E-5            
1994.0885                -4.8365593E-5            
2016.4941                -4.4672175E-5            
2038.8997                -4.097876E-5             
2061.3052                -3.7285343E-5            
2083.7107                -1.3780367E-5            
2106.1162                -1.1303667E-5            
2128.5217                -5.4317803E-5            
2150.927                 -5.5185348E-5            
2173.3328                -5.6052897E-5            
2195.738                 -5.692044E-5             
2218.1436                -5.7787984E-5            
2240.549                 -4.661308E-5             
2262.9546                -4.70216E-5              
2285.36                  -4.7430116E-5            
2307.7654                -4.7838632E-5            
2330.1711                -4.824715E-5             
2352.5767                -4.8655667E-5            
2374.9822                -4.9064187E-5            
2397.3875                -4.9472703E-5            
2419.793                 -4.988122E-5             
2442.1985                -5.0289735E-5            
2464.6038                -5.069825E-5             
2487.0095                -5.1106774E-5            
2509.415                 -5.151529E-5             
2531.8206                -5.1923806E-5            
2554.2258                -5.233232E-5             
2576.6316                -5.274084E-5             
2599.0369                -7.1057846E-5            
2621.4424                -6.508929E-5             
2643.848                 -5.9120808E-5            
2666.2534                -4.5323133E-5            
2688.659                 -4.5683268E-5            
2711.0642                -4.6043406E-5            
2733.47                  -4.6403547E-5            
2755.8755                -4.6763686E-5            
2778.281                 -4.712382E-5             
2800.6863                -4.7483958E-5            
2823.0918                -4.7844096E-5            
2845.4976                -4.8204238E-5            
2867.9028                -4.6470657E-5            
2890.308                 -4.6716814E-5            
2912.7139                -4.6962974E-5            
2935.1194                -4.7209134E-5            
2957.5247                -4.7455294E-5            
2979.9304                -4.7701455E-5            
3002.336                 -4.7947615E-5            
3024.741                 -4.819377E-5             
3047.1467                -4.843993E-5             
3069.5522                -4.868609E-5             
3091.9578                -4.8932252E-5            
3114.3633                -4.9178412E-5            
3136.7686                -6.043439E-5             
3159.174                 -5.775745E-5             
3181.5798                -5.5080473E-5            
3203.985                 -5.240353E-5             
3226.3909                -4.9726557E-5            
3248.7964                -4.7049612E-5            
3271.2014                -4.4372704E-5            
3293.6072                -4.169573E-5             
3316.0127                -3.9018785E-5            
3338.4182                -3.6341844E-5            
3360.8237                -2.6361131E-5            
3383.229                 -2.630522E-5             
3405.6345                -2.6249309E-5            
3428.04                  -2.6193396E-5            
3450.4456                -2.6137486E-5            
3472.851                 -2.6081576E-5            
3495.2568                -2.6025664E-5            
3517.6619                -2.5969754E-5            
3540.0674                -2.5913843E-5            
3562.4731                -2.5857931E-5            
3584.8784                -2.580202E-5             
3607.284                 -2.5746109E-5            
3629.6895                -2.5690199E-5            
3652.095                 -2.5634286E-5            
3674.5005                -2.5578376E-5            
3696.906                 -2.5522464E-5            
3719.3115                -2.5466554E-5            
3741.7173                -2.7563437E-5            
3764.1223                -2.764038E-5             
3786.5278                -2.7717324E-5            
3808.9336                -2.7794269E-5            
3831.3389                -2.3864548E-5            
3853.7444                -2.38375E-5              
3876.1501                -2.3810451E-5            
3898.5554                -2.1495101E-5            
3920.9607                -2.1471034E-5            
3943.3665                -2.144697E-5             
3965.772                 -2.1422902E-5            
3988.177                 -2.1398837E-5            
4010.5828                -2.137477E-5             
4032.9883                -2.1350705E-5            
4055.3938                -2.132664E-5             
4077.7993                -2.1302572E-5            
4100.205                 -2.1278507E-5            
4122.6104                -2.125444E-5             
4145.0156                -2.1230375E-5            
4167.4214                -2.1206308E-5            
4189.827                 -2.1182243E-5            
4212.2324                -2.1158176E-5            
4234.6377                -1.9895186E-5            
4257.0435                -1.9317875E-5            
4279.4487                -1.874057E-5             
4301.854                 -1.8163266E-5            
4324.26                  -1.7585953E-5            
4346.6655                -1.700865E-5             
4369.0703                -1.6431351E-5            
4391.476                 -1.5854039E-5            
4413.882                 -1.5276735E-5            
4436.287                 -1.469943E-5             
4458.693                 -1.4174468E-5            
4481.098                 -1.3460195E-5            
4503.5034                -1.4661713E-5            
4525.909                 -1.176747E-5             
4548.3145                -1.1703219E-5            
4570.72                  -1.16389665E-5           
4593.1255                -1.1574716E-5            
4615.531                 -1.1510465E-5            
4637.937                 -1.1446212E-5            
4660.3423                -1.1381961E-5            
4682.747                 -1.1317711E-5            
4705.1533                -1.1253458E-5            
4727.5586                -1.1189207E-5            
4749.9644                -1.1124956E-5            
4772.3696                -1.1060704E-5            
4794.775                 -1.0996453E-5            
4817.1807                -1.0932202E-5            
4839.586                 -1.0867951E-5            
4861.991                 -1.0803699E-5            
4884.397                 -1.0739448E-5            
4906.8027                -1.0675195E-5            
4929.2075                -1.06109455E-5           
4951.614                 -1.05466925E-5           
4974.019                 -1.0482441E-5            
4996.425                 -1.041819E-5             
5018.83                  -9.732442E-6             
5041.2354                -9.5185105E-6            
5063.641                 -9.30458E-6              
5086.0464                -9.09065E-6              
5108.4517                -8.876719E-6             
5130.8574                -8.662788E-6             
5153.263                 -8.448852E-6             
5175.668                 -8.234927E-6             
5198.0737                -8.020997E-6             
5220.4795                -7.807061E-6             
5242.885                 -7.59313E-6              
5265.2905                -7.379199E-6             
5287.696                 -7.1652685E-6            
5310.1016                -6.9513376E-6            
5332.507                 -6.737407E-6             
5354.912                 -6.5234763E-6            
5377.318                 -6.309546E-6             
5399.7236                -6.09561E-6              
5422.1284                -5.8816845E-6            
5444.534                 -5.6677536E-6            
5466.94                  -5.4538177E-6            
5489.345                 -5.2398873E-6            
5511.751                 -5.0259564E-6            
5534.1562                -4.812026E-6             
5556.562                 -5.310673E-6             
5578.9673                -5.305165E-6             
5601.3726                -5.2996566E-6            
5623.779                 -5.294148E-6             
5646.1836                -5.28864E-6              
5668.589                 -5.2831315E-6            
5690.995                 -5.277623E-6             
5713.4                   -5.272115E-6             
5735.8057                -5.2666064E-6            
5758.2114                -5.261098E-6             
5780.616                 -5.25559E-6              
5803.022                 -5.250082E-6             
5825.4277                -5.2445735E-6            
5847.833                 -5.239065E-6             
5870.239                 -5.2335567E-6            
5892.6445                -5.2280484E-6            
5915.0493                -5.22254E-6              
5937.455                 -5.217032E-6             
5959.861                 -5.2115233E-6            
5982.2656                -5.2060154E-6            
6004.672                 -5.200507E-6             
6027.077                 -4.5154925E-6            
6049.482                 -4.4446633E-6            
6071.888                 -4.373831E-6             
6094.2935                -4.3030004E-6            
6116.699                 -4.23217E-6              
6139.1045                -4.1613393E-6            
6161.51                  -4.090509E-6             
6183.9155                -4.0196783E-6            
6206.321                 -3.9488477E-6            
6228.7266                -3.8780154E-6            
6251.132                 -3.8071867E-6            
6273.537                 -3.7363561E-6            
6295.943                 -3.6655238E-6            
6318.348                 -3.594695E-6             
6340.754                 -3.5238627E-6            
6363.1597                -3.4530321E-6            
6385.5645                -3.3822032E-6            
6407.97                  -3.311371E-6             
6430.376                 -3.2405403E-6            
6452.7817                -3.1697082E-6            
6475.1865                -3.0988792E-6            
6497.593                 -3.0280469E-6            
6519.998                 -2.9572163E-6            
6542.403                 -2.8863876E-6            
6564.809                 -2.8155553E-6            
6587.2144                -2.7447247E-6            
6609.6196                -2.6738942E-6            
6632.0254                -2.6030636E-6            
6654.431                 -2.5322313E-6            
6676.8364                -2.4614023E-6            
6699.2417                -2.3905718E-6            
6721.6475                -2.3197397E-6            
6744.0527                -2.2489107E-6            
6766.458                 -2.1780802E-6            
6788.864                 -2.1072478E-6            
6811.269                 -2.0364191E-6            
6833.675                 -1.9655868E-6            
6856.08                  -1.8947562E-6            
6878.4854                -1.8239274E-6            
6900.891                 -1.753095E-6             
6923.297                 -1.6822645E-6            
6945.702                 -1.611434E-6             
6968.1074                -2.117284E-6             
6990.5137                -2.0606767E-6            
7012.9185                -2.004072E-6             
7035.3237                -1.947466E-6             
7057.73                  -1.8908587E-6            
7080.135                 -1.834254E-6             
7102.5405                -1.7776466E-6            
7124.9463                -1.7210407E-6            
7147.351                 -1.664436E-6             
7169.757                 -1.6078287E-6            
7192.1626                -1.9117472E-6            
7214.568                 -1.9022649E-6            
7236.9736                -1.8927826E-6            
7259.379                 -1.8833003E-6            
7281.784                 -1.8738181E-6            
7304.19                  -1.8643359E-6            
7326.5957                -1.8548534E-6            
7349.001                 -1.8453711E-6            
7371.4062                -1.8358891E-6            
7393.812                 -1.8264066E-6            
7416.2173                -1.8169243E-6            
7438.623                 -1.807442E-6             
7461.0283                -1.7979597E-6            
7483.4346                -1.7884772E-6            
7505.8394                -1.7789953E-6            
7528.2446                -1.769513E-6             
7550.651                 -1.7600305E-6            
7573.0557                -1.7505484E-6            
7595.4614                -1.741066E-6             
7617.867                 -1.7315837E-6            
7640.272                 -1.7221016E-6            
7662.6777                -1.7126191E-6            
7685.0835                -1.703137E-6             
7707.489                 -1.6936547E-6            
7729.8945                -1.3204656E-6            
7752.3003                -1.3113737E-6            
7774.705                 -1.3022824E-6            
7797.111                 -1.2931907E-6            
7819.5166                -1.2840989E-6            
7841.9214                -1.1400945E-6            
7864.327                 -1.1357733E-6            
7886.733                 -1.1314522E-6            
7909.1377                -1.1271312E-6            
7931.544                 -1.12281E-6              
7953.949                 -1.118489E-6             
7976.354                 -1.114168E-6             
7998.7603                -1.1098468E-6            
8021.1655                -1.1055257E-6            
8043.5713                -1.1012046E-6            
8065.9766                -1.0968836E-6            
8088.3823                -1.0925623E-6            
8110.7876                -1.0882414E-6            
8133.193                 -1.0839203E-6            
8155.5986                -1.0795992E-6            
8178.0044                -1.0752781E-6            
8200.41                  -1.070957E-6             
8222.815                 -1.066636E-6             
8245.221                 -1.0623147E-6            
8267.626                 -1.0579938E-6            
8290.031                 -1.0536727E-6            
8312.4375                -1.0493516E-6            
8334.843                 -1.0450306E-6            
8357.248                 -1.0421884E-6            
8379.654                 -1.0372971E-6            
8402.059                 -1.0324061E-6            
8424.465                 -1.0275148E-6            
8446.87                  -1.0226236E-6            
8469.275                 -1.0177325E-6            
8491.681                 -1.0128413E-6            
8514.087                 -1.00795E-6              
8536.492                 -1.0030589E-6            
8558.897                 -9.981677E-7             
8581.304                 -9.932763E-7             
8603.708                 -9.883853E-7             
8626.113                 -9.834941E-7             
8648.52                  -9.786029E-7             
8670.925                 -9.737117E-7             
8693.331                 -9.688205E-7             
8715.736                 -8.881831E-7             
8738.141                 -8.806119E-7             
8760.547                 -8.7304846E-7            
8782.952                 -8.654933E-7             
8805.357                 -8.5794625E-7            
8827.764                 -8.5040733E-7            
8850.169                 -8.428763E-7             
8872.574                 -8.353538E-7             
8894.9795                -8.2783913E-7            
8917.386                 -8.2033233E-7            
8939.79                  -8.12834E-7              
8962.196                 -8.053436E-7             
8984.602                 -7.9786093E-7            
9007.007                 -7.9038676E-7            
9029.413                 -7.8292027E-7            
9051.818                 -7.754619E-7             
9074.225                 -7.6801143E-7            
9096.629                 -7.605693E-7             
9119.034                 -7.53135E-7              
9141.44                  -7.457085E-7             
9163.846                 -7.382904E-7             
9186.251                 -6.826798E-7             
9208.657                 -6.720495E-7             
9231.062                 -6.614357E-7             
9253.467                 -6.508368E-7             
9275.874                 -6.402528E-7             
9298.278                 -6.2968513E-7            
9320.685                 -6.191318E-7             
9343.09                  -6.0859423E-7            
9365.494                 -5.980725E-7             
9387.901                 -5.8756495E-7            
9410.307                 -5.7707314E-7            
9432.712                 -5.665965E-7             
9455.117                 -5.56135E-7              
9477.522                 -5.4568864E-7            
9499.929                 -5.3525736E-7            
9522.334                 -5.2484114E-7            
9544.739                 -5.1444E-7               
9567.145                 -5.0405384E-7            
9589.55                  -4.9368265E-7            
9611.955                 -4.833264E-7             
9634.361                 -4.729851E-7             
9656.767                 -4.6265868E-7            
9679.172                 -4.5234714E-7            
9701.577                 -4.4205044E-7            
9723.982                 -4.3176854E-7            
9746.388                 -4.2150143E-7            
9768.794                 -4.112491E-7             
9791.199                 -4.0101145E-7            
9813.605                 -3.9078802E-7            
9836.01                  -3.8058027E-7            
9858.415                 -3.7038666E-7            
9880.822                 -3.6020717E-7            
9903.228                 -3.5004277E-7            
9925.633                 -3.3989295E-7            
9948.038                 -3.2975765E-7            
9970.443                 -3.1963685E-7            
9992.85                  -3.0953055E-7            
10015.255                -4.0353413E-7            
10037.66                 -4.0139201E-7            
10060.065                -3.9925334E-7            
10082.471                -3.9711813E-7            
10104.876                -3.9498636E-7            
10127.282                -3.9285803E-7            
10149.6875               -3.9073313E-7            
10172.093                -3.8861165E-7            
10194.498                -3.864936E-7             
10216.903                -3.8437898E-7            
10239.309                -3.8226776E-7            
10261.715                -3.8015992E-7            
10284.12                 -3.780555E-7             
10306.526                -3.7595436E-7            
10328.931                -3.7385678E-7            
10351.336                -3.717625E-7             
10373.743                -3.6967148E-7            
10396.147                -3.6758405E-7            
10418.554                -3.6549974E-7            
10440.959                -3.634189E-7             
10463.363                -3.613415E-7             
10485.77                 -3.5926723E-7            
10508.176                -3.571964E-7             
10530.581                -3.551289E-7             
10552.986                -3.22051E-7              
10575.392                -3.1937557E-7            
10597.797                -3.1670365E-7            
10620.203                -3.140353E-7             
10642.608                -3.1137046E-7            
10665.014                -3.0870913E-7            
10687.419                -3.0605133E-7            
10709.824                -3.0339703E-7            
10732.2295               -3.0074625E-7            
10754.636                -2.9809897E-7            
10777.041                -2.9545518E-7            
10799.447                -2.9281475E-7            
10821.852                -2.9017806E-7            
10844.257                -2.8754474E-7            
10866.664                -2.8491473E-7            
10889.068                -2.8228845E-7            
10911.475                -2.796654E-7             
10933.88                 -2.6984958E-7            
10956.284                -2.680178E-7             
10978.69                 -2.6618582E-7            
11001.097                -2.6435396E-7            
11023.502                -2.6252206E-7            
11045.907                -2.606902E-7             
11068.3125               -2.588583E-7             
11090.718                -2.5702644E-7            
11113.124                -2.5519455E-7            
11135.529                -2.5336269E-7            
11157.935                -2.515308E-7             
11180.34                 -2.4969893E-7            
