% x                      y                        z                        
5.77316E-14              0.0018760108             
22.40549                 0.013231041              
44.81098                 0.027102835              
67.21647                 0.041404553              
89.62196                 0.055648394              
112.02745                0.06982976               
134.43294                0.08459173               
156.83844                0.09962829               
179.24393                0.114284486              
201.64943                0.128629                 
224.0549                 0.14274979               
246.4604                 0.15670516               
268.86588                0.17105827               
291.2714                 0.18558322               
313.67688                0.20016292               
336.08237                0.2147972                
358.48785                0.2294861                
380.89334                0.24422961               
403.29886                0.2590279                
425.7043                 0.27383658               
448.1098                 0.28770968               
470.5153                 0.3012758                
492.9208                 0.31568646               
515.3263                 0.32967526               
537.73175                0.34324214               
560.13727                0.35638717               
582.5428                 0.36911032               
604.94824                0.38141152               
627.35376                0.39330626               
649.7592                 0.4047832                
672.16473                0.41462165               
694.57025                0.42272234               
716.9757                 0.42967325               
739.38116                0.4354744                
761.7867                 0.4401258                
784.19214                0.44357407               
806.5977                 0.44532058               
829.0032                 0.44529223               
851.4086                 0.443375                 
873.8142                 0.43935642               
896.2196                 0.43415192               
918.6251                 0.42710996               
941.0306                 0.4181866                
963.4361                 0.40793785               
985.8416                 0.39650598               
1008.2471                0.38319498               
1030.6526                0.36917138               
1053.0581                0.35456982               
1075.4635                0.3393902                
1097.869                 0.32363245               
1120.2745                0.30729675               
1142.68                  0.2912823                
1165.0856                0.27541798               
1187.4911                0.25986558               
1209.8965                0.2452462                
1232.3019                0.23137121               
1254.7075                0.2182404                
1277.1129                0.20567174               
1299.5184                0.19414893               
1321.924                 0.18345556               
1344.3295                0.17359176               
1366.735                 0.16476202               
1389.1405                0.15690084               
1411.5459                0.14948824               
1433.9514                0.14252396               
1456.3569                0.1360081                
1478.7623                0.13012509               
1501.168                 0.124992184              
1523.5734                0.120543346              
1545.9789                0.11677564               
1568.3843                0.1135882                
1590.7899                0.110676676              
1613.1954                0.108029984              
1635.6007                0.10564815               
1658.0063                0.10353113               
1680.4119                0.101678945              
1702.8173                0.100091636              
1725.2228                0.09876915               
1747.6284                0.09771152               
1770.0337                0.09683356               
1792.4392                0.09602041               
1814.8447                0.095006004              
1837.2502                0.0939245                
1859.6558                0.09289461               
1882.0612                0.091916345              
1904.4668                0.09108717               
1926.8722                0.09042066               
1949.2777                0.08983258               
1971.6832                0.08932291               
1994.0885                0.088891655              
2016.4941                0.08853878               
2038.8997                0.088264294              
2061.3052                0.08806818               
2083.7107                0.088127434              
2106.1162                0.088298775              
2128.5217                0.08797912               
2150.927                 0.087371565              
2173.3328                0.08671843               
2195.738                 0.08601973               
2218.1436                0.08527543               
2240.549                 0.08460994               
2262.9546                0.08416944               
2285.36                  0.08369853               
2307.7654                0.08319719               
2330.1711                0.082665384              
2352.5767                0.0821031                
2374.9822                0.08151032               
2397.3875                0.08088703               
2419.793                 0.0802332                
2442.1985                0.07954883               
2464.6038                0.0788339                
2487.0095                0.07808841               
2509.415                 0.07731235               
2531.8206                0.07650573               
2554.2258                0.075668536              
2576.6316                0.07480076               
2599.0369                0.07375745               
2621.4424                0.072500005              
2643.848                 0.071386434              
2666.2534                0.070517555              
2688.659                 0.06976473               
2711.0642                0.06899392               
2733.47                  0.06820509               
2755.8755                0.06739827               
2778.281                 0.06657344               
2800.6863                0.06573061               
2823.0918                0.06486978               
2845.4976                0.06399091               
2867.9028                0.06311098               
2890.308                 0.062241767              
2912.7139                0.061363135              
2935.1194                0.06047511               
2957.5247                0.05957769               
2979.9304                0.058670852              
3002.336                 0.057754625              
3024.741                 0.056829005              
3047.1467                0.055893965              
3069.5522                0.054949537              
3091.9578                0.053995702              
3114.3633                0.053032458              
3136.7686                0.051816482              
3159.174                 0.050612222              
3181.5798                0.049464446              
3203.985                 0.04837318               
3226.3909                0.0473384                
3248.7964                0.046360128              
3271.2014                0.045438364              
3293.6072                0.04457308               
3316.0127                0.043764304              
3338.4182                0.04301203               
3360.8237                0.04231802               
3383.229                 0.04181597               
3405.6345                0.0413109                
3428.04                  0.040802803              
3450.4456                0.040291693              
3472.851                 0.039777566              
3495.2568                0.039260413              
3517.6619                0.03874026               
3540.0674                0.038217083              
3562.4731                0.03769088               
3584.8784                0.03716167               
3607.284                 0.036629446              
3629.6895                0.036094204              
3652.095                 0.035555948              
3674.5005                0.03501467               
3696.906                 0.034470387              
3719.3115                0.03392309               
3741.7173                0.033355072              
3764.1223                0.03277982               
3786.5278                0.0321993                
3808.9336                0.03161353               
3831.3389                0.03104517               
3853.7444                0.030565191              
3876.1501                0.030083457              
3898.5554                0.029632416              
3920.9607                0.029194446              
3943.3665                0.02875544               
3965.772                 0.028315406              
3988.177                 0.027874345              
4010.5828                0.027432237              
4032.9883                0.026989099              
4055.3938                0.026544927              
4077.7993                0.026099712              
4100.205                 0.025653465              
4122.6104                0.025206177              
4145.0156                0.024757862              
4167.4214                0.024308506              
4189.827                 0.023858111              
4212.2324                0.023406686              
4234.6377                0.022973286              
4257.0435                0.022555897              
4279.4487                0.022151787              
4301.854                 0.021760952              
4324.26                  0.021383386              
4346.6655                0.021019097              
4369.0703                0.020668088              
4391.476                 0.020330342              
4413.882                 0.020005874              
4436.287                 0.01969468               
4458.693                 0.019402789              
4481.098                 0.01912979               
4503.5034                0.01883555               
4525.909                 0.018533535              
4548.3145                0.018278128              
4570.72                  0.018024174              
4593.1255                0.017771687              
4615.531                 0.017520657              
4637.937                 0.01727108               
4660.3423                0.017022965              
4682.747                 0.016776318              
4705.1533                0.016531115              
4727.5586                0.016287377              
4749.9644                0.016045097              
4772.3696                0.015804276              
4794.775                 0.015564912              
4817.1807                0.015327007              
4839.586                 0.015090559              
4861.991                 0.014855568              
4884.397                 0.014622035              
4906.8027                0.0143899545             
4929.2075                0.014159342              
4951.614                 0.013930175              
4974.019                 0.013702472              
4996.425                 0.013476225              
5018.83                  0.013253443              
5041.2354                0.013045599              
5063.641                 0.012842238              
5086.0464                0.012643357              
5108.4517                0.012448957              
5130.8574                0.012259036              
5153.263                 0.01207359               
5175.668                 0.011892633              
5198.0737                0.011716149              
5220.4795                0.011544138              
5242.885                 0.011376611              
5265.2905                0.0112135615             
5287.696                 0.011054991              
5310.1016                0.010900899              
5332.507                 0.010751287              
5354.912                 0.010606156              
5377.318                 0.010465506              
5399.7236                0.010329337              
5422.1284                0.010197658              
5444.534                 0.010070462              
5466.94                  0.009947752              
5489.345                 0.009829535              
5511.751                 0.009715811              
5534.1562                0.009606584              
5556.562                 0.009501442              
5578.9673                0.009392272              
5601.3726                0.009282606              
5623.779                 0.009172441              
5646.1836                0.009061788              
5668.589                 0.008950638              
5690.995                 0.008838989              
5713.4                   0.00872685               
5735.8057                0.00861421               
5758.2114                0.00850108               
5780.616                 0.008387456              
5803.022                 0.008273332              
5825.4277                0.008158715              
5847.833                 0.008043605              
5870.239                 0.007928                 
5892.6445                0.0078118965             
5915.0493                0.007695305              
5937.455                 0.0075782165             
5959.861                 0.007460631              
5982.2656                0.007342557              
6004.672                 0.0072239838             
6027.077                 0.007114705              
6049.482                 0.0070146676             
6071.888                 0.006916124              
6094.2935                0.0068190806             
6116.699                 0.0067235352             
6139.1045                0.006629488              
6161.51                  0.0065369383             
6183.9155                0.006445886              
6206.321                 0.0063563315             
6228.7266                0.006268272              
6251.132                 0.006181714              
6273.537                 0.0060966513             
6295.943                 0.006013083              
6318.348                 0.0059310156             
6340.754                 0.005850441              
6363.1597                0.005771365              
6385.5645                0.0056937872             
6407.97                  0.0056177024             
6430.376                 0.005543116              
6452.7817                0.005470024              
6475.1865                0.005398432              
6497.593                 0.005328333              
6519.998                 0.005259732              
6542.403                 0.005192629              
6564.809                 0.0051270192             
6587.2144                0.005062908              
6609.6196                0.0050002933             
6632.0254                0.0049391757             
6654.431                 0.0048795533             
6676.8364                0.0048214314             
6699.2417                0.0047648055             
6721.6475                0.0047096764             
6744.0527                0.0046560476             
6766.458                 0.004603916              
6788.864                 0.0045532812             
6811.269                 0.004504149              
6833.675                 0.0044565136             
6856.08                  0.004410379              
6878.4854                0.004365747              
6900.891                 0.004322613              
6923.297                 0.004280982              
6945.702                 0.0042408537             
6968.1074                0.0041984473             
6990.5137                0.0041550845             
7012.9185                0.004112897              
7035.3237                0.0040718815             
7057.73                  0.0040320386             
7080.135                 0.003993371              
7102.5405                0.003955875              
7124.9463                0.0039195535             
7147.351                 0.0038844072             
7169.757                 0.0038504337             
7192.1626                0.0038130572             
7214.568                 0.0037735153             
7236.9736                0.0037340275             
7259.379                 0.003694594              
7281.784                 0.0036552143             
7304.19                  0.0036158885             
7326.5957                0.003576616              
7349.001                 0.0035373983             
7371.4062                0.0034982357             
7393.812                 0.0034591253             
7416.2173                0.0034200698             
7438.623                 0.0033810684             
7461.0283                0.0033421211             
7483.4346                0.003303227              
7505.8394                0.0032643892             
7528.2446                0.0032256045             
7550.651                 0.0031868736             
7573.0557                0.0031481988             
7595.4614                0.0031095766             
7617.867                 0.0030710103             
7640.272                 0.0030324997             
7662.6777                0.0029940421             
7685.0835                0.0029556407             
7707.489                 0.0029172944             
7729.8945                0.0028877412             
7752.3003                0.0028596811             
7774.705                 0.0028317722             
7797.111                 0.002804012              
7819.5166                0.002776401              
7841.9214                0.002749487              
7864.327                 0.0027251714             
7886.733                 0.0027009614             
7909.1377                0.002676859              
7931.544                 0.0026528619             
7953.949                 0.0026289716             
7976.354                 0.0026051884             
7998.7603                0.0025815105             
8021.1655                0.0025579394             
8043.5713                0.0025344747             
8065.9766                0.0025111164             
8088.3823                0.002487864              
8110.7876                0.0024647193             
8133.193                 0.0024416803             
8155.5986                0.002418747              
8178.0044                0.0023959207             
8200.41                  0.0023732008             
8222.815                 0.0023505874             
8245.221                 0.00232808               
8267.626                 0.0023056797             
8290.031                 0.0022833855             
8312.4375                0.002261197              
8334.843                 0.0022391162             
8357.248                 0.002216898              
8379.654                 0.0021940921             
8402.059                 0.0021713914             
8424.465                 0.0021487945             
8446.87                  0.0021263028             
8469.275                 0.0021039164             
8491.681                 0.0020816338             
8514.087                 0.0020594564             
8536.492                 0.0020373836             
8558.897                 0.0020154158             
8581.304                 0.001993552              
8603.708                 0.0019717943             
8626.113                 0.0019501408             
8648.52                  0.0019285914             
8670.925                 0.0019071479             
8693.331                 0.0018858083             
8715.736                 0.0018661837             
8738.141                 0.0018467825             
8760.547                 0.0018275862             
8782.952                 0.0018085961             
8805.357                 0.0017898114             
8827.764                 0.0017712321             
8850.169                 0.0017528577             
8872.574                 0.0017346893             
8894.9795                0.0017167255             
8917.386                 0.0016989661             
8939.79                  0.0016814123             
8962.196                 0.0016640627             
8984.602                 0.0016469172             
9007.007                 0.0016299768             
9029.413                 0.0016132398             
9051.818                 0.0015967073             
9074.225                 0.0015803784             
9096.629                 0.001564254              
9119.034                 0.001548333              
9141.44                  0.0015326152             
9163.846                 0.0015171014             
9186.251                 0.0015019123             
9208.657                 0.0014870844             
9231.062                 0.0014724944             
9253.467                 0.00145814               
9275.874                 0.0014440208             
9298.278                 0.0014301385             
9320.685                 0.0014164904             
9343.09                  0.0014030781             
9365.494                 0.0013899014             
9387.901                 0.0013769581             
9410.307                 0.0013642499             
9432.712                 0.0013517758             
9455.117                 0.0013395356             
9477.522                 0.0013275291             
9499.929                 0.001315756              
9522.334                 0.0013042161             
9544.739                 0.0012929091             
9567.145                 0.0012818348             
9589.55                  0.0012709929             
9611.955                 0.0012603832             
9634.361                 0.0012500053             
9656.767                 0.0012398591             
9679.172                 0.0012299445             
9701.577                 0.001220261              
9723.982                 0.0012108084             
9746.388                 0.0012015866             
9768.794                 0.0011925952             
9791.199                 0.001183834              
9813.605                 0.0011753023             
9836.01                  0.0011670013             
9858.415                 0.0011589292             
9880.822                 0.0011510861             
9903.228                 0.0011434723             
9925.633                 0.0011360872             
9948.038                 0.0011289307             
9970.443                 0.0011220025             
9992.85                  0.0011153023             
10015.255                0.0011072522             
10037.66                 0.0010985252             
10060.065                0.0010898493             
10082.471                0.0010812242             
10104.876                0.00107265               
10127.282                0.0010641266             
10149.6875               0.0010556541             
10172.093                0.0010472324             
10194.498                0.0010388613             
10216.903                0.0010305411             
10239.309                0.0010222716             
10261.715                0.0010140527             
10284.12                 0.0010058844             
10306.526                9.977664E-4              
10328.931                9.896996E-4              
10351.336                9.81683E-4               
10373.743                9.737165E-4              
10396.147                9.6580124E-4             
10418.554                9.5793564E-4             
10440.959                9.501208E-4              
10463.363                9.423567E-4              
10485.77                 9.346422E-4              
10508.176                9.269784E-4              
10530.581                9.193649E-4              
10552.986                9.1227813E-4             
10575.392                9.054064E-4              
10597.797                8.985876E-4              
10620.203                8.918215E-4              
10642.608                8.8510825E-4             
10665.014                8.7844767E-4             
10687.419                8.7183976E-4             
10709.824                8.652844E-4              
10732.2295               8.587817E-4              
10754.636                8.5233146E-4             
10777.041                8.459337E-4              
10799.447                8.3958806E-4             
10821.852                8.332954E-4              
10844.257                8.270547E-4              
10866.664                8.208661E-4              
10889.068                8.147303E-4              
10911.475                8.086461E-4              
10933.88                 8.0271706E-4             
10956.284                7.968968E-4              
10978.69                 7.9111086E-4             
11001.097                7.8535994E-4             
11023.502                7.796439E-4              
11045.907                7.739626E-4              
11068.3125               7.6831615E-4             
11090.718                7.6270447E-4             
11113.124                7.571276E-4              
11135.529                7.515855E-4              
11157.935                7.4607827E-4             
11180.34                 7.406058E-4              
