% x                      y                        z                        
-5000.0                  1.1529879E-4             
-4898.9897               1.3045433E-4             
-4797.98                 1.4833952E-4             
-4696.9697               1.6946746E-4             
-4595.9595               1.939421E-4              
-4494.9497               2.2151734E-4             
-4393.9395               2.522802E-4              
-4292.929                2.8632145E-4             
-4191.919                3.2373637E-4             
-4090.9092               3.6462472E-4             
-3989.899                4.0909197E-4             
-3888.889                4.5724818E-4             
-3787.879                5.0920976E-4             
-3686.8687               5.6509924E-4             
-3585.8586               6.250456E-4              
-3484.8484               6.908187E-4              
-3383.8384               7.6565635E-4             
-3282.8284               8.493481E-4              
-3181.818                9.436445E-4              
-3080.808                0.0010528895             
-2979.7979               0.0011783948             
-2878.7878               0.0013214085             
-2777.7778               0.0014833487             
-2676.7678               0.0016683419             
-2575.7576               0.0018781369             
-2474.7476               0.002110745              
-2373.7373               0.0023976672             
-2272.7273               0.0027385664             
-2171.7173               0.003132012              
-2070.707                0.003588433              
-1969.6968               0.0041452413             
-1868.687                0.004822395              
-1767.6768               0.005627285              
-1666.6665               0.0066075786             
-1565.6567               0.007838388              
-1464.6465               0.009352941              
-1363.6362               0.011187821              
-1262.6265               0.013509865              
-1161.6162               0.016505247              
-1060.606                0.020344948              
-959.59595               0.025350947              
-858.58594               0.031617448              
-757.5757                0.03979895               
-656.5659                0.050696194              
-555.55566               0.06406577               
-454.5454                0.08123313               
-353.53564               0.10200806               
-252.52539               0.12438222               
-151.51514               0.14639525               
-50.504883               0.15880288               
50.504883                0.15783845               
151.51514                0.14530301               
252.52539                0.12527199               
353.53564                0.101153255              
454.5454                 0.081390746              
555.55566                0.06455862               
656.5654                 0.05073339               
757.5757                 0.040034458              
858.58594                0.031611316              
959.5962                 0.02538119               
1060.6064                0.020369232              
1161.6162                0.016523834              
1262.626                 0.013545631              
1363.6362                0.011187405              
1464.6465                0.009328518              
1565.6567                0.007836846              
1666.667                 0.0066176197             
1767.6763                0.005631878              
1868.6865                0.004824468              
1969.6968                0.0041524647             
2070.707                 0.0035935156             
2171.7173                0.003127505              
2272.7275                0.0027327638             
2373.7373                0.002407987              
2474.747                 0.0021365124             
2575.7573                0.0018892202             
2676.7676                0.0016675374             
2777.7778                0.0014740381             
2878.788                 0.001308143              
2979.7979                0.0011666433             
3080.808                 0.0010446619             
3181.8184                9.408086E-4              
3282.8281                8.5377303E-4             
3383.8389                7.7613624E-4             
3484.8486                7.006949E-4              
3585.8584                6.301235E-4              
3686.8682                5.650488E-4              
3787.879                 5.050625E-4              
3888.8887                4.500462E-4              
3989.8994                3.998839E-4              
4090.9092                3.5446588E-4             
4191.919                 3.1368525E-4             
4292.9287                2.7743942E-4             
4393.9395                2.4562932E-4             
4494.949                 2.1816026E-4             
4595.96                  1.9353344E-4             
4696.9697                1.7138544E-4             
4797.9795                1.526917E-4              
4898.99                  1.3744459E-4             
5000.0                   1.2268331E-4             
