% x                      y                        z                        
-27999.996               2.6234426E-8             
-27718.59                2.3250948E-8             
-27437.182               2.0238918E-8             
-27155.775               1.660379E-8              
-26874.367               1.3338631E-8             
-26592.96                1.0073494E-8             
-26311.555               6.8083574E-9             
-26030.145               3.543198E-9              
-25748.738               2.7806107E-10            
-25467.33                -2.9870983E-9            
-25185.924               -5.5487788E-9            
-24904.518               -8.4728775E-9            
-24623.11                -1.1396996E-8            
-24341.703               -1.43210945E-8           
-24060.295               -2.9625536E-8            
-23778.889               -3.3119456E-8            
-23497.482               -3.661338E-8             
-23216.074               -4.0107324E-8            
-22934.668               -3.9648704E-8            
-22653.26                -4.306357E-8             
-22371.854               -4.6478412E-8            
-22090.447               -4.9893252E-8            
-21809.04                -5.3308117E-8            
-21527.633               -5.672296E-8             
-21246.225               -5.1567678E-8            
-20964.818               -5.4960886E-8            
-20683.412               -5.8354097E-8            
-20402.004               -6.174733E-8             
-20120.598               -6.514054E-8             
-19839.19                -6.853377E-8             
-19557.783               -7.192698E-8             
-19276.375               -9.174743E-8             
-18994.967               -9.650022E-8             
-18713.559               -1.01253015E-7           
-18432.152               -1.0600577E-7            
-18150.746               -8.6759634E-8            
-17869.34                -7.988052E-8             
-17587.934               -7.30014E-8              
-17306.523               -6.61222E-8              
-17025.117               -5.985231E-8             
-16743.71                -5.2299637E-8            
-16462.305               -4.4746965E-8            
-16180.8955              -3.719424E-8             
-15899.489               -2.9641566E-8            
-15618.08                -3.385073E-9             
-15336.674               -9.677598E-8             
-15055.267               -6.103875E-8             
-14773.858               -6.863867E-8             
-14492.451               -2.568497E-8             
-14211.045               1.7268587E-8             
-13929.636               6.022245E-8              
-13648.2295              1.0317602E-7             
-13366.822               1.461296E-7              
-13085.414               1.8908347E-7             
-12804.006               2.3203721E-7             
-12522.6                 2.749908E-7              
-12241.191               3.1794454E-7             
-11959.784               3.6089816E-7             
-11678.376               4.0385206E-7             
-11396.968               4.8600447E-7             
-11115.561               6.331128E-7              
-10834.153               7.802211E-7              
-10552.744               9.273306E-7              
-10271.338               1.0744391E-6             
-9989.928                1.1003073E-6             
-9708.5205               1.2026891E-6             
-9427.111                1.3050717E-6             
-9145.704                1.8463437E-6             
-8864.297                2.072679E-6              
-8582.889                2.386003E-6              
-8301.478                2.6993312E-6             
-8020.07                 3.0675171E-6             
-7738.6616               3.663382E-6              
-7457.254                4.2592474E-6             
-7175.8457               4.8551133E-6             
-6894.436                5.4412135E-6             
-6613.026                6.384359E-6              
-6331.6177               7.3174933E-6             
-6050.21                 8.133905E-6              
-5768.8003               9.3415665E-6             
-5487.3926               1.0412237E-5             
-5205.9854               1.1564995E-5             
-4924.576                1.3194858E-5             
-4643.1685               1.4106507E-5             
-4361.7627               1.5234701E-5             
-4080.3584               1.6653285E-5             
-3798.9553               1.6556181E-5             
-3517.5515               1.6249665E-5             
-3236.149                1.5136649E-5             
-2954.7495               1.3575033E-5             
-2673.3503               1.1443848E-5             
-2391.9512               8.525828E-6              
-2110.549                5.8319984E-6             
-1829.148                4.077816E-6              
-1547.7433               2.2687234E-6             
-1266.3387               3.3534013E-7             
-984.931                 -2.1727235E-6            
-703.52344               1.8569033E-6             
-422.11505               -4.3173063E-6            
-140.70683               -2.0126176E-6            
140.70639                1.0873429E-6             
422.1131                 -2.3994874E-6            
703.524                  5.7053995E-7             
984.93274                -3.8789776E-6            
1266.337                 6.772613E-7              
1547.7433                -3.3178162E-6            
1829.148                 -3.2891126E-6            
2110.549                 -7.093306E-6             
2391.951                 -8.672408E-6             
2673.3481                -1.1716752E-5            
2954.7493                -1.3665356E-5            
3236.151                 -1.5301823E-5            
3517.5518                -1.6192374E-5            
3798.9553                -1.6044209E-5            
4080.3564                -1.6175625E-5            
4361.7627                -1.5299685E-5            
4643.17                  -1.4446806E-5            
4924.574                 -1.3150005E-5            
5205.985                 -1.1974536E-5            
5487.3926                -1.0559074E-5            
5768.8                   -9.345373E-6             
6050.212                 -8.266992E-6             
6331.6157                -7.3245333E-6            
6613.028                 -6.5803606E-6            
6894.4355                -5.3986214E-6            
7175.8438                -4.8264455E-6            
7457.252                 -4.240646E-6             
7738.6597                -3.7157345E-6            
8020.072                 -3.1402071E-6            
8301.4795                -2.7822975E-6            
8582.887                 -2.4243882E-6            
8864.295                 -1.8706462E-6            
9145.706                 -1.7043644E-6            
9427.113                 -1.5380851E-6            
9708.5205                -1.3718059E-6            
9989.928                 -1.2055267E-6            
10271.335                -1.0392475E-6            
10552.746                -8.729662E-7             
10834.149                -7.066895E-7             
11115.561                -5.404082E-7             
11396.972                -4.907872E-7             
11678.375                -4.487605E-7             
11959.785                -4.067326E-7             
12241.188                -3.6470587E-7            
12522.6                  -3.22678E-7              
12804.006                -2.806507E-7             
13085.413                -2.3862341E-7            
13366.823                -1.9659556E-7            
13648.227                -6.1569224E-8            
13929.637                2.7604719E-9             
14211.044                6.708927E-8              
14492.45                 -2.4301803E-8            
14773.86                 -6.015189E-9             
15055.268                4.354654E-9              
15336.674                2.9663033E-8             
15618.08                 3.979621E-8              
15899.487                4.9929383E-8             
16180.897                6.0062696E-8             
16462.305                7.0195874E-8             
16743.71                 9.577992E-8              
17025.117                9.8002765E-8             
17306.527                7.471467E-8              
17587.93                 7.435118E-8              
17869.34                 7.398768E-8              
18150.746                7.362418E-8              
18432.152                7.326068E-8              
18713.562                7.289718E-8              
18994.965                7.253369E-8              
19276.375                7.217018E-8              
19557.783                7.309295E-8              
19839.19                 7.1406326E-8             
20120.6                  6.971968E-8              
20402.002                6.639828E-8              
20683.412                6.303769E-8              
20964.818                5.967714E-8              
21246.225                5.63166E-8               
21527.635                5.295601E-8              
21809.037                4.9595517E-8             
22090.447                4.6234927E-8             
22371.854                4.2874387E-8             
22653.26                 3.9513843E-8             
22934.666                3.61533E-8               
23216.072                3.5372768E-8             
23497.482                3.1786364E-8             
23778.889                1.8292363E-8             
24060.295                1.5673596E-8             
24341.701                1.30548266E-8            
24623.111                1.2159622E-8             
24904.518                9.318711E-9              
25185.924                6.4778E-9                
25467.33                 3.636889E-9              
25748.736                7.9597823E-10            
26030.146                -1.7966418E-9            
26311.555                -6.093651E-9             
26592.96                 -1.039066E-8             
26874.371                -1.4687728E-8            
27155.773                -1.8984677E-8            
27437.184                -2.3281746E-8            
27718.586                -2.7179007E-8            
27999.996                -3.0905593E-8            
