% x                      y                        z                        
-27999.996               -3.836161E-8             
-27718.59                -4.2184077E-8            
-27437.182               -4.603122E-8             
-27155.775               -4.7817316E-8            
-26874.367               -5.121431E-8             
-26592.96                -5.461128E-8             
-26311.555               -5.800825E-8             
-26030.145               -6.1405245E-8            
-25748.738               -6.4802215E-8            
-25467.33                -6.8199206E-8            
-25185.924               -7.03268E-8              
-24904.518               -7.236298E-8             
-24623.11                -7.439918E-8             
-24341.703               -7.643536E-8             
-24060.295               -8.190413E-8             
-23778.889               -8.5120114E-8            
-23497.482               -8.833609E-8             
-23216.074               -9.155209E-8             
-22934.668               -1.0668494E-7            
-22653.26                -1.0678833E-7            
-22371.854               -1.06891704E-7           
-22090.447               -1.0699509E-7            
-21809.04                -1.07098465E-7           
-21527.633               -1.0720185E-7            
-21246.225               -1.0295159E-7            
-20964.818               -1.02564E-7              
-20683.412               -1.0217641E-7            
-20402.004               -1.01788814E-7           
-20120.598               -1.0140122E-7            
-19839.19                -1.01013626E-7           
-19557.783               -1.0062604E-7            
-19276.375               -9.323315E-8             
-18994.967               -9.290565E-8             
-18713.559               -9.257816E-8             
-18432.152               -9.225067E-8             
-18150.746               -7.0381475E-8            
-17869.34                -6.0776046E-8            
-17587.934               -5.1170616E-8            
-17306.523               -4.1565052E-8            
-17025.117               -3.0926156E-8            
-16743.71                -2.2913687E-8            
-16462.305               -1.4901218E-8            
-16180.8955              -6.888692E-9             
-15899.489               1.1237788E-9             
-15618.08                4.6559368E-8             
-15336.674               4.13013E-9               
-15055.267               4.297651E-8              
-14773.858               9.6153315E-8             
-14492.451               1.3778889E-7             
-14211.045               1.7942432E-7             
-13929.636               2.2106003E-7             
-13648.2295              2.626955E-7              
-13366.822               3.0433094E-7             
-13085.414               3.459667E-7              
-12804.006               3.8760228E-7             
-12522.6                 4.2923776E-7             
-12241.191               4.708734E-7              
-11959.784               5.125089E-7              
-11678.376               5.5414466E-7             
-11396.968               6.8764376E-7             
-11115.561               7.980762E-7              
-10834.153               9.085087E-7              
-10552.744               1.018942E-6              
-10271.338               1.1293746E-6             
-9989.928                1.3303851E-6             
-9708.5205               1.4671863E-6             
-9427.111                1.6039884E-6             
-9145.704                1.7036223E-6             
-8864.297                2.1045696E-6             
-8582.889                2.3282653E-6             
-8301.478                2.5519641E-6             
-8020.07                 2.9109958E-6             
-7738.6616               3.3809838E-6             
-7457.254                3.850972E-6              
-7175.8457               4.3209607E-6             
-6894.436                4.923595E-6              
-6613.026                5.6591925E-6             
-6331.6177               6.5009413E-6             
-6050.21                 7.394073E-6              
-5768.8003               8.537764E-6              
-5487.3926               9.8177115E-6             
-5205.9854               1.1024993E-5             
-4924.576                1.2595875E-5             
-4643.1685               1.444473E-5              
-4361.7627               1.5826306E-5             
-4080.3584               1.7741859E-5             
-3798.9553               1.891771E-5              
-3517.5515               1.9713196E-5             
-3236.149                1.901962E-5              
-2954.7495               1.9963569E-5             
-2673.3503               1.3049673E-5             
-2391.9512               4.121389E-6              
-2110.549                -7.810174E-6             
-1829.148                -2.7969358E-5            
-1547.7433               -5.4206477E-5            
-1266.3387               -9.386881E-5             
-984.931                 -1.44464E-4              
-703.52344               -1.9105319E-4            
-422.11505               -1.919096E-4             
-140.70683               -7.310196E-5             
140.70639                7.713844E-5              
422.1131                 1.8743415E-4             
703.524                  2.0636867E-4             
984.93274                1.5193618E-4             
1266.337                 9.470053E-5              
1547.7433                5.4552267E-5             
1829.148                 2.7409887E-5             
2110.549                 8.613433E-6              
2391.951                 -4.270127E-6             
2673.3481                -1.2140252E-5            
2954.7493                -1.8235716E-5            
3236.151                 -1.8862764E-5            
3517.5518                -2.0620615E-5            
3798.9553                -1.9144783E-5            
4080.3564                -1.815556E-5             
4361.7627                -1.589755E-5             
4643.17                  -1.4372916E-5            
4924.574                 -1.2984217E-5            
5205.985                 -1.11325E-5              
5487.3926                -9.696905E-6             
5768.8                   -8.614717E-6             
6050.212                 -7.4954455E-6            
6331.6157                -6.4201704E-6            
6613.028                 -5.647003E-6             
6894.4355                -4.956859E-6             
7175.8438                -4.5420284E-6            
7457.252                 -3.9728798E-6            
7738.6597                -3.460229E-6             
8020.072                 -2.9216617E-6            
8301.4795                -2.674232E-6             
8582.887                 -2.426803E-6             
8864.295                 -2.0341924E-6            
9145.706                 -1.8673488E-6            
9427.113                 -1.7005075E-6            
9708.5205                -1.5336662E-6            
9989.928                 -1.3668251E-6            
10271.335                -1.199984E-6             
10552.746                -1.0331406E-6            
10834.149                -8.6630195E-7            
11115.561                -6.994587E-7             
11396.972                -6.7203206E-7            
11678.375                -6.114229E-7             
11959.785                -5.5081205E-7            
12241.188                -4.902029E-7             
12522.6                  -4.295921E-7             
12804.006                -3.689821E-7             
13085.413                -3.0837217E-7            
13366.823                -2.4776136E-7            
13648.227                -2.482393E-7             
13929.637                -1.9855425E-7            
14211.044                -1.4886989E-7            
14492.45                 -1.11590396E-7           
14773.86                 -8.2298484E-8            
15055.268                -6.3851544E-8            
15336.674                -6.9065315E-8            
15618.08                 -5.090961E-8             
15899.487                -3.275391E-8             
16180.897                -1.4597959E-8            
16462.305                3.5577372E-9             
16743.71                 3.9210278E-8             
17025.117                4.4391534E-8             
17306.527                5.603667E-8              
17587.93                 6.218758E-8              
17869.34                 6.8338665E-8             
18150.746                7.448966E-8              
18432.152                8.064066E-8              
18713.562                8.679174E-8              
18994.965                9.294265E-8              
19276.375                9.909373E-8              
19557.783                1.039429E-7              
19839.19                 1.06984835E-7            
20120.6                  1.1002681E-7             
20402.002                1.0939369E-7             
20683.412                1.088727E-7              
20964.818                1.08351706E-7            
21246.225                1.07830715E-7            
21527.635                1.0730972E-7             
21809.037                1.0678873E-7             
22090.447                1.06267734E-7            
22371.854                1.0574674E-7             
22653.26                 1.0522575E-7             
22934.666                1.0470476E-7             
23216.072                1.0495943E-7             
23497.482                1.0475843E-7             
23778.889                8.5357215E-8             
24060.295                8.344867E-8              
24341.701                8.1540115E-8             
24623.111                7.153134E-8              
24904.518                6.940837E-8              
25185.924                6.7285406E-8             
25467.33                 6.5162446E-8             
25748.736                6.303948E-8              
26030.146                6.142982E-8              
26311.555                5.8254624E-8             
26592.96                 5.507943E-8              
26874.371                5.190419E-8              
27155.773                4.872904E-8              
27437.184                4.55538E-8               
27718.586                3.2225827E-8             
27999.996                2.8684543E-8             
