% x                      y                        z                        
-27999.996               -3.761861E-7             
-27718.59                -3.795973E-7             
-27437.182               -3.8305413E-7            
-27155.775               -3.9050715E-7            
-26874.367               -3.923154E-7             
-26592.96                -3.9412365E-7            
-26311.555               -3.9593186E-7            
-26030.145               -3.9774014E-7            
-25748.738               -3.9954836E-7            
-25467.33                -4.0135663E-7            
-25185.924               -4.1890985E-7            
-24904.518               -4.2533048E-7            
-24623.11                -4.3175118E-7            
-24341.703               -4.381718E-7             
-24060.295               -4.309801E-7             
-23778.889               -4.43092E-7              
-23497.482               -4.5520395E-7            
-23216.074               -4.6731594E-7            
-22934.668               -4.773283E-7             
-22653.26                -4.858247E-7             
-22371.854               -4.9432106E-7            
-22090.447               -5.028174E-7             
-21809.04                -5.113138E-7             
-21527.633               -5.198101E-7             
-21246.225               -5.4658204E-7            
-20964.818               -5.70015E-7              
-20683.412               -5.934479E-7             
-20402.004               -6.16881E-7              
-20120.598               -6.403139E-7             
-19839.19                -6.63747E-7              
-19557.783               -6.871799E-7             
-19276.375               -7.008263E-7             
-18994.967               -7.1836297E-7            
-18713.559               -7.358997E-7             
-18432.152               -7.5343627E-7            
-18150.746               -7.7472293E-7            
-17869.34                -8.182046E-7             
-17587.934               -8.6168626E-7            
-17306.523               -9.051686E-7             
-17025.117               -9.0352086E-7            
-16743.71                -9.3526376E-7            
-16462.305               -9.670067E-7             
-16180.8955              -9.987498E-7             
-15899.489               -1.0304927E-6            
-15618.08                -1.1089556E-6            
-15336.674               -1.2748992E-6            
-15055.267               -1.3269253E-6            
-14773.858               -1.325045E-6             
-14492.451               -1.3982934E-6            
-14211.045               -1.4715415E-6            
-13929.636               -1.5447902E-6            
-13648.2295              -1.6180383E-6            
-13366.822               -1.6912865E-6            
-13085.414               -1.7645351E-6            
-12804.006               -1.8377834E-6            
-12522.6                 -1.9110316E-6            
-12241.191               -1.98428E-6              
-11959.784               -2.057528E-6             
-11678.376               -2.1307767E-6            
-11396.968               -2.3678676E-6            
-11115.561               -2.5305628E-6            
-10834.153               -2.693258E-6             
-10552.744               -2.8559546E-6            
-10271.338               -3.0186497E-6            
-9989.928                -2.9635708E-6            
-9708.5205               -3.101414E-6             
-9427.111                -3.239258E-6             
-9145.704                -3.5159987E-6            
-8864.297                -3.9162383E-6            
-8582.889                -4.037542E-6             
-8301.478                -4.158848E-6             
-8020.07                 -4.6447103E-6            
-7738.6616               -4.8612796E-6            
-7457.254                -5.077848E-6             
-7175.8457               -5.2944165E-6            
-6894.436                -5.6073513E-6            
-6613.026                -5.5963187E-6            
-6331.6177               -5.5588816E-6            
-6050.21                 -5.629544E-6             
-5768.8003               -5.9042754E-6            
-5487.3926               -5.2552664E-6            
-5205.9854               -4.9785062E-6            
-4924.576                -3.865045E-6             
-4643.1685               -2.220144E-6             
-4361.7627               -7.675215E-7             
-4080.3584               2.6648604E-6             
-3798.9553               6.101049E-6              
-3517.5515               1.0819302E-5             
-3236.149                1.8849403E-5             
-2954.7495               2.5926736E-5             
-2673.3503               3.693276E-5              
-2391.9512               5.0590497E-5             
-2110.549                6.692123E-5              
-1829.148                8.785426E-5              
-1547.7433               1.11043584E-4            
-1266.3387               1.3022317E-4             
-984.931                 1.4440068E-4             
-703.52344               1.1677043E-4             
-422.11505               5.3657717E-5             
-140.70683               7.991798E-6              
140.70639                1.010529E-7              
422.1131                 6.51899E-5               
703.524                  1.3181617E-4             
984.93274                1.4343603E-4             
1266.337                 1.3035678E-4             
1547.7433                1.0814262E-4             
1829.148                 8.613761E-5              
2110.549                 6.699736E-5              
2391.951                 5.2567088E-5             
2673.3481                3.6423193E-5             
2954.7493                2.6188396E-5             
3236.151                 1.8459716E-5             
3517.5518                1.10604515E-5            
3798.9553                6.2624463E-6             
4080.3564                2.1242863E-6             
4361.7627                -2.6074676E-7            
4643.17                  -2.628166E-6             
4924.574                 -3.664012E-6             
5205.985                 -4.684465E-6             
5487.3926                -5.287542E-6             
5768.8                   -5.4194397E-6            
6050.212                 -5.7209395E-6            
6331.6157                -5.735421E-6             
6613.028                 -5.6336044E-6            
6894.4355                -5.415972E-6             
7175.8438                -5.260897E-6             
7457.252                 -5.5020964E-6            
7738.6597                -5.0977283E-6            
8020.072                 -4.468872E-6             
8301.4795                -4.3097425E-6            
8582.887                 -4.150613E-6             
8864.295                 -4.136439E-6             
9145.706                 -3.917602E-6             
9427.113                 -3.6987678E-6            
9708.5205                -3.4799339E-6            
9989.928                 -3.2611E-6               
10271.335                -3.0422657E-6            
10552.746                -2.8234285E-6            
10834.149                -2.6045975E-6            
11115.561                -2.3857606E-6            
11396.972                -2.291064E-6             
11678.375                -2.2206273E-6            
11959.785                -2.1501885E-6            
12241.188                -2.0797515E-6            
12522.6                  -2.009313E-6             
12804.006                -1.9388751E-6            
13085.413                -1.8684374E-6            
13366.823                -1.7979986E-6            
13648.227                -1.6093413E-6            
13929.637                -1.518559E-6             
14211.044                -1.427778E-6             
14492.45                 -1.5544468E-6            
14773.86                 -1.2165301E-6            
15055.268                -1.1784401E-6            
15336.674                -1.2453897E-6            
15618.08                 -1.1862596E-6            
15899.487                -1.1271294E-6            
16180.897                -1.0679984E-6            
16462.305                -1.0088681E-6            
16743.71                 -9.732313E-7             
17025.117                -9.397017E-7             
17306.527                -8.9406075E-7            
17587.93                 -8.663432E-7             
17869.34                 -8.386249E-7             
18150.746                -8.1090695E-7            
18432.152                -7.83189E-7              
18713.562                -7.5547075E-7            
18994.965                -7.277532E-7             
19276.375                -7.000349E-7             
19557.783                -6.6746804E-7            
19839.19                 -6.5449336E-7            
20120.6                  -6.4151845E-7            
20402.002                -5.902622E-7             
20683.412                -5.765188E-7             
20964.818                -5.627756E-7             
21246.225                -5.4903234E-7            
21527.635                -5.3528896E-7            
21809.037                -5.215459E-7             
22090.447                -5.0780255E-7            
22371.854                -4.9405935E-7            
22653.26                 -4.8031615E-7            
22934.666                -4.665729E-7             
23216.072                -4.8201076E-7            
23497.482                -4.796488E-7             
23778.889                -4.293174E-7             
24060.295                -4.2451538E-7            
24341.701                -4.1971333E-7            
24623.111                -4.2118515E-7            
24904.518                -4.1541992E-7            
25185.924                -4.0965466E-7            
25467.33                 -4.038894E-7             
25748.736                -3.9812414E-7            
26030.146                -4.0051563E-7            
26311.555                -3.9944254E-7            
26592.96                 -3.9836945E-7            
26874.371                -3.9729636E-7            
27155.773                -3.962233E-7             
27437.184                -3.9515018E-7            
27718.586                -3.8883243E-7            
27999.996                -3.860956E-7             
