% x                      y                        z                        
-27999.996               -4.0269674E-7            
-27718.59                -4.1742678E-7            
-27437.182               -4.3224577E-7            
-27155.775               -4.4622956E-7            
-26874.367               -4.5740722E-7            
-26592.96                -4.6858483E-7            
-26311.555               -4.7976243E-7            
-26030.145               -4.909401E-7             
-25748.738               -5.021177E-7             
-25467.33                -5.132954E-7             
-25185.924               -5.393011E-7             
-24904.518               -5.5810585E-7            
-24623.11                -5.7691074E-7            
-24341.703               -5.957155E-7             
-24060.295               -5.9558397E-7            
-23778.889               -6.2625196E-7            
-23497.482               -6.569199E-7             
-23216.074               -6.875881E-7             
-22934.668               -7.1456367E-7            
-22653.26                -7.417444E-7             
-22371.854               -7.689249E-7             
-22090.447               -7.961054E-7             
-21809.04                -8.232861E-7             
-21527.633               -8.504666E-7             
-21246.225               -9.0727946E-7            
-20964.818               -9.592866E-7             
-20683.412               -1.0112938E-6            
-20402.004               -1.0633012E-6            
-20120.598               -1.1153084E-6            
-19839.19                -1.1673159E-6            
-19557.783               -1.2193229E-6            
-19276.375               -1.2724418E-6            
-18994.967               -1.3293169E-6            
-18713.559               -1.3861921E-6            
-18432.152               -1.4430669E-6            
-18150.746               -1.5199537E-6            
-17869.34                -1.6219734E-6            
-17587.934               -1.7239931E-6            
-17306.523               -1.8260143E-6            
-17025.117               -1.90727E-6              
-16743.71                -1.9985605E-6            
-16462.305               -2.089851E-6             
-16180.8955              -2.1811422E-6            
-15899.489               -2.2724328E-6            
-15618.08                -2.5165273E-6            
-15336.674               -2.8535653E-6            
-15055.267               -3.0032559E-6            
-14773.858               -2.6534367E-6            
-14492.451               -2.9468304E-6            
-14211.045               -3.2402231E-6            
-13929.636               -3.5336177E-6            
-13648.2295              -3.8270105E-6            
-13366.822               -4.120403E-6             
-13085.414               -4.413798E-6             
-12804.006               -4.7071917E-6            
-12522.6                 -5.0005847E-6            
-12241.191               -5.2939786E-6            
-11959.784               -5.587371E-6             
-11678.376               -5.8807664E-6            
-11396.968               -6.389239E-6             
-11115.561               -7.031925E-6             
-10834.153               -7.674612E-6             
-10552.744               -8.317303E-6             
-10271.338               -8.959989E-6             
-9989.928                -9.779552E-6             
-9708.5205               -1.0376097E-5            
-9427.111                -1.0972645E-5            
-9145.704                -1.2133211E-5            
-8864.297                -1.3196801E-5            
-8582.889                -1.422334E-5             
-8301.478                -1.5249893E-5            
-8020.07                 -1.6525068E-5            
-7738.6616               -1.8271203E-5            
-7457.254                -2.001734E-5             
-7175.8457               -2.1763477E-5            
-6894.436                -2.392712E-5             
-6613.026                -2.5841455E-5            
-6331.6177               -2.7924152E-5            
-6050.21                 -2.9819008E-5            
-5768.8003               -3.231831E-5             
-5487.3926               -3.4184213E-5            
-5205.9854               -3.619466E-5             
-4924.576                -3.7711172E-5            
-4643.1685               -3.7939997E-5            
-4361.7627               -3.83887E-5              
-4080.3584               -3.548046E-5             
-3798.9553               -3.2858145E-5            
-3517.5515               -2.6935251E-5            
-3236.149                -1.9018118E-5            
-2954.7495               -1.3704706E-5            
-2673.3503               -4.587745E-6             
-2391.9512               2.7209792E-6             
-2110.549                6.4603973E-6             
-1829.148                7.0464885E-6             
-1547.7433               7.833883E-6              
-1266.3387               6.860838E-6              
-984.931                 2.780343E-6              
-703.52344               -6.5761274E-6            
-422.11505               5.916028E-6              
-140.70683               4.987815E-7              
140.70639                4.966311E-6              
422.1131                 -9.112887E-6             
703.524                  4.5826073E-6             
984.93274                7.8360645E-6             
1266.337                 7.1836616E-6             
1547.7433                1.0047168E-5             
1829.148                 1.0009229E-5             
2110.549                 5.2903356E-6             
2391.951                 2.075369E-6              
2673.3481                -5.055334E-6             
2954.7493                -1.23198015E-5           
3236.151                 -2.0558891E-5            
3517.5518                -2.6485694E-5            
3798.9553                -3.1379135E-5            
4080.3564                -3.532561E-5             
4361.7627                -3.711558E-5             
4643.17                  -3.8225306E-5            
4924.574                 -3.7376074E-5            
5205.985                 -3.6253485E-5            
5487.3926                -3.4391436E-5            
5768.8                   -3.2097185E-5            
6050.212                 -3.0129357E-5            
6331.6157                -2.7811786E-5            
6613.028                 -2.6008167E-5            
6894.4355                -2.3622231E-5            
7175.8438                -2.1686199E-5            
7457.252                 -2.0226851E-5            
7738.6597                -1.8521916E-5            
8020.072                 -1.6654727E-5            
8301.4795                -1.550963E-5             
8582.887                 -1.4364534E-5            
8864.295                 -1.246975E-5             
9145.706                 -1.1774783E-5            
9427.113                 -1.1079826E-5            
9708.5205                -1.038487E-5             
9989.928                 -9.689914E-6             
10271.335                -8.994957E-6             
10552.746                -8.299991E-6             
10834.149                -7.605045E-6             
11115.561                -6.9100797E-6            
11396.972                -6.3513835E-6            
11678.375                -6.027342E-6             
11959.785                -5.7032917E-6            
12241.188                -5.37925E-6              
12522.6                  -5.0552E-6               
12804.006                -4.731154E-6             
13085.413                -4.407108E-6             
13366.823                -4.083058E-6             
13648.227                -3.8617973E-6            
13929.637                -3.5448088E-6            
14211.044                -3.227825E-6             
14492.45                 -3.3941049E-6            
14773.86                 -2.976147E-6             
15055.268                -2.8503293E-6            
15336.674                -2.6891207E-6            
15618.08                 -2.547593E-6             
15899.487                -2.4060655E-6            
16180.897                -2.264536E-6             
16462.305                -2.1230085E-6            
16743.71                 -2.0035477E-6            
17025.117                -1.898008E-6             
17306.527                -1.8063757E-6            
17587.93                 -1.7292924E-6            
17869.34                 -1.6522071E-6            
18150.746                -1.5751227E-6            
18432.152                -1.4980384E-6            
18713.562                -1.4209529E-6            
18994.965                -1.3438697E-6            
19276.375                -1.2667842E-6            
19557.783                -1.1853404E-6            
19839.19                 -1.1499747E-6            
20120.6                  -1.1146085E-6            
20402.002                -1.0306816E-6            
20683.412                -9.942327E-7             
20964.818                -9.577843E-7             
21246.225                -9.2133587E-7            
21527.635                -8.8488696E-7            
21809.037                -8.484391E-7             
22090.447                -8.1199016E-7            
22371.854                -7.7554176E-7            
22653.26                 -7.3909337E-7            
22934.666                -7.0264497E-7            
23216.072                -7.012002E-7             
23497.482                -6.889184E-7             
23778.889                -6.229513E-7             
24060.295                -6.0721356E-7            
24341.701                -5.9147584E-7            
24623.111                -5.7313093E-7            
24904.518                -5.536843E-7             
25185.924                -5.342377E-7             
25467.33                 -5.1479105E-7            
25748.736                -4.953444E-7             
26030.146                -4.87696E-7              
26311.555                -4.7736603E-7            
26592.96                 -4.6703607E-7            
26874.371                -4.5670595E-7            
27155.773                -4.463761E-7             
27437.184                -4.3604598E-7            
27718.586                -4.3313278E-7            
27999.996                -4.1975755E-7            
