% x                      y                        z                        
-27999.996               -5.129264E-9             
-27718.59                -7.705159E-9             
-27437.182               -1.0253449E-8            
-27155.775               -8.534816E-9             
-26874.367               -1.29384485E-8           
-26592.96                -1.734205E-8             
-26311.555               -2.174565E-8             
-26030.145               -2.6149284E-8            
-25748.738               -3.0552883E-8            
-25467.33                -3.4956518E-8            
-25185.924               -3.3817756E-8            
-24904.518               -4.33053E-8              
-24623.11                -5.279291E-8             
-24341.703               -6.2280456E-8            
-24060.295               -6.357474E-8             
-23778.889               -6.9285186E-8            
-23497.482               -7.499563E-8             
-23216.074               -8.0706116E-8            
-22934.668               -9.0647546E-8            
-22653.26                -1.0216713E-7            
-22371.854               -1.1368663E-7            
-22090.447               -1.2520613E-7            
-21809.04                -1.3672572E-7            
-21527.633               -1.482452E-7             
-21246.225               -1.6026443E-7            
-20964.818               -1.8149446E-7            
-20683.412               -2.0272446E-7            
-20402.004               -2.2395463E-7            
-20120.598               -2.4518465E-7            
-19839.19                -2.6641482E-7            
-19557.783               -2.8764484E-7            
-19276.375               -2.9124706E-7            
-18994.967               -3.0121677E-7            
-18713.559               -3.1118648E-7            
-18432.152               -3.2115614E-7            
-18150.746               -3.6858117E-7            
-17869.34                -3.7603144E-7            
-17587.934               -3.834817E-7             
-17306.523               -3.909321E-7             
-17025.117               -5.0168273E-7            
-16743.71                -5.265097E-7             
-16462.305               -5.513367E-7             
-16180.8955              -5.7616387E-7            
-15899.489               -6.0099086E-7            
-15618.08                -7.489875E-7             
-15336.674               -7.223304E-7             
-15055.267               -8.348691E-7             
-14773.858               -5.2419847E-7            
-14492.451               -6.2856145E-7            
-14211.045               -7.329241E-7             
-13929.636               -8.3728753E-7            
-13648.2295              -9.416503E-7             
-13366.822               -1.046013E-6             
-13085.414               -1.1503765E-6            
-12804.006               -1.2547398E-6            
-12522.6                 -1.3591026E-6            
-12241.191               -1.463466E-6             
-11959.784               -1.5678289E-6            
-11678.376               -1.6721926E-6            
-11396.968               -1.6807971E-6            
-11115.561               -1.827584E-6             
-10834.153               -1.974371E-6             
-10552.744               -2.121159E-6             
-10271.338               -2.2679462E-6            
-9989.928                -2.2667034E-6            
-9708.5205               -2.2523463E-6            
-9427.111                -2.2379893E-6            
-9145.704                -2.8276158E-6            
-8864.297                -2.480901E-6             
-8582.889                -2.628147E-6             
-8301.478                -2.7753958E-6            
-8020.07                 -2.788219E-6             
-7738.6616               -2.618233E-6             
-7457.254                -2.4482483E-6            
-7175.8457               -2.2782644E-6            
-6894.436                -1.9462664E-6            
-6613.026                -1.5212788E-6            
-6331.6177               -5.6895766E-7            
-6050.21                 3.03352E-7               
-5768.8003               1.7728107E-6             
-5487.3926               2.792445E-6              
-5205.9854               4.126116E-6              
-4924.576                6.7923434E-6             
-4643.1685               8.8630195E-6             
-4361.7627               1.0971618E-5             
-4080.3584               1.2065273E-5             
-3798.9553               1.2360131E-5             
-3517.5515               1.1336678E-5             
-3236.149                4.209581E-6              
-2954.7495               -2.4279682E-6            
-2673.3503               -1.5389132E-5            
-2391.9512               -3.432003E-5             
-2110.549                -5.783066E-5             
-1829.148                -8.527989E-5             
-1547.7433               -1.1470754E-4            
-1266.3387               -1.3932843E-4            
-984.931                 -1.5982594E-4            
-703.52344               -1.3718358E-4            
-422.11505               -7.058634E-5             
-140.70683               -2.5417872E-5            
140.70639                -2.3864395E-5            
422.1131                 -8.661814E-5             
703.524                  -1.4701729E-4            
984.93274                -1.578522E-4             
1266.337                 -1.4012407E-4            
1547.7433                -1.11177455E-4           
1829.148                 -8.234329E-5             
2110.549                 -5.6873654E-5            
2391.951                 -3.5718997E-5            
2673.3481                -1.453376E-5             
2954.7493                -1.3679876E-6            
3236.151                 5.623372E-6              
3517.5518                1.1128348E-5             
3798.9553                1.35170685E-5            
4080.3564                1.229715E-5              
4361.7627                1.0221245E-5             
4643.17                  8.745034E-6              
4924.574                 6.5044555E-6             
5205.985                 4.6679793E-6             
5487.3926                2.7935187E-6             
5768.8                   1.4420406E-6             
6050.212                 4.5728646E-7             
6331.6157                -5.880657E-7             
6613.028                 -1.5311296E-6            
6894.4355                -1.9400288E-6            
7175.8438                -2.032506E-6             
7457.252                 -1.6793792E-6            
7738.6597                -2.2353931E-6            
8020.072                 -2.6298867E-6            
8301.4795                -2.4984924E-6            
8582.887                 -2.3670987E-6            
8864.295                 -2.013783E-6             
9145.706                 -1.9976937E-6            
9427.113                 -1.9816048E-6            
9708.5205                -1.9655158E-6            
9989.928                 -1.949427E-6             
10271.335                -1.9333386E-6            
10552.746                -1.9172498E-6            
10834.149                -1.9011619E-6            
11115.561                -1.8850735E-6            
11396.972                -1.6267845E-6            
11678.375                -1.5658421E-6            
11959.785                -1.5048983E-6            
12241.188                -1.443956E-6             
12522.6                  -1.3830121E-6            
12804.006                -1.3220691E-6            
13085.413                -1.2611263E-6            
13366.823                -1.2001825E-6            
13648.227                -1.0728368E-6            
13929.637                -9.668981E-7             
14211.044                -8.609611E-7             
14492.45                 -8.9630703E-7            
14773.86                 -9.107475E-7             
15055.268                -8.5315935E-7            
15336.674                -6.185078E-7             
15618.08                 -6.012654E-7             
15899.487                -5.840231E-7             
16180.897                -5.6678056E-7            
16462.305                -5.4953824E-7            
16743.71                 -5.0236685E-7            
17025.117                -4.830765E-7             
17306.527                -4.427961E-7             
17587.93                 -4.1485066E-7            
17869.34                 -3.869044E-7             
18150.746                -3.5895854E-7            
18432.152                -3.310127E-7             
18713.562                -3.0306646E-7            
18994.965                -2.75121E-7              
19276.375                -2.4717477E-7            
19557.783                -2.5604098E-7            
19839.19                 -2.2611054E-7            
20120.6                  -1.961797E-7             
20402.002                -1.7762171E-7            
20683.412                -1.674193E-7             
20964.818                -1.5721704E-7            
21246.225                -1.4701479E-7            
21527.635                -1.3681239E-7            
21809.037                -1.2661027E-7            
22090.447                -1.1640787E-7            
22371.854                -1.0620561E-7            
22653.26                 -9.6003355E-8            
22934.666                -8.58011E-8              
23216.072                -8.7985725E-8            
23497.482                -7.3008536E-8            
23778.889                -6.617067E-8             
24060.295                -6.235777E-8             
24341.701                -5.854487E-8             
24623.111                -4.832109E-8             
24904.518                -4.4893074E-8            
25185.924                -4.1465057E-8            
25467.33                 -3.803704E-8             
25748.736                -3.4609023E-8            
26030.146                -2.4641533E-8            
26311.555                -2.0846182E-8            
26592.96                 -1.7050832E-8            
26874.371                -1.3255428E-8            
27155.773                -9.4601305E-9            
27437.184                -5.664727E-9             
27718.586                -6.915835E-9             
27999.996                -5.3984706E-9            
