% x                      y                        z                                             
-27939.695               -0.0029404853            
-27537.684               -0.0030628738            
-27135.676               -0.0031842485            
-26733.664               -0.003304611             
-26331.654               -0.00342396              
-25929.645               -0.0035422957            
-25527.635               -0.0036596186            
-25125.625               -0.0037770655            
-24723.613               -0.0038972185            
-24321.605               -0.0040201712            
-23919.594               -0.0041460176            
-23517.584               -0.004275326             
-23115.574               -0.00440799              
-22713.564               -0.0045440085            
-22311.553               -0.0046833833            
-21909.545               -0.0048299576            
-21507.531               -0.004985066             
-21105.521               -0.0051444913            
-20703.512               -0.0053119343            
-20301.502               -0.005493436             
-19899.49                -0.0056889975            
-19497.482               -0.005898616             
-19095.473               -0.006122294             
-18693.46                -0.0063600317            
-18291.451               -0.006615737             
-17889.44                -0.0068845963            
-17487.43                -0.0071785552            
-17085.42                -0.007498997             
-16683.408               -0.007846519             
-16281.398               -0.008230155             
-15879.388               -0.008649907             
-15477.38                -0.009105665             
-15075.367               -0.009595615             
-14673.357               -0.010119246             
-14271.347               -0.010676562             
-13869.336               -0.011267562             
-13467.324               -0.011940106             
-13065.313               -0.012675209             
-12663.303               -0.0135059245            
-12261.292               -0.014405581             
-11859.279               -0.015350048             
-11457.269               -0.016339317             
-11055.26                -0.017425254             
-10653.249               -0.01864067              
-10251.238               -0.019976554             
-9849.225                -0.021432916             
-9447.213                -0.023009738             
-9045.201                -0.024968049             
-8643.189                -0.027145883             
-8241.176                -0.029345201             
-7839.1636               -0.031609874             
-7437.1514               -0.03398611              
-7035.139                -0.036463745             
-6633.1255               -0.038807243             
-6231.115                -0.04107357              
-5829.101                -0.043364957             
-5427.0913               -0.04543708              
-5025.0786               -0.04654858              
-4623.067                -0.046556212             
-4221.061                -0.044603188             
-3819.0566               -0.041102037             
-3417.052                -0.034057084             
-3015.0488               -0.025381427             
-2613.0513               -0.015128046             
-2211.05                 -0.004607932             
-1809.0505               0.0036161314             
-1407.0438               0.008652408              
-1005.0298               0.006341657              
-603.02057               0.004941839              
-201.01067               0.0028474112             
201.00916                -0.0013412341            
603.01385                -0.002141441             
1005.02936               -0.0059263264            
1407.0419                -0.006659123             
1809.0469                -0.003963124             
2211.0513                0.003410733              
2613.0527                0.013619716              
3015.0503                0.023845019              
3417.0547                0.031312067              
3819.0562                0.03752529               
4221.063                 0.042484764              
4623.072                 0.045594007              
5025.0796                0.045608588              
5427.092                 0.04499055               
5829.1006                0.04373991               
6231.1143                0.041856647              
6633.1284                0.039561775              
7035.1387                0.037303384              
7437.1523                0.034944464              
7839.167                 0.032434776              
8241.177                 0.030039381              
8643.19                  0.02785372               
9045.197                 0.025877856              
9447.21                  0.02398447               
9849.224                 0.02209304               
10251.233                0.020578865              
10653.246                0.019163053              
11055.256                0.017824946              
11457.269                0.016602656              
11859.281                0.015525767              
12261.29                 0.014594286              
12663.303                0.013747293              
13065.315                0.012939761              
13467.324                0.012174144              
13869.336                0.011446837              
14271.345                0.01078353               
14673.357                0.010193468              
15075.369                0.009664838              
15477.378                0.009151101              
15879.39                 0.008717016              
16281.401                0.008310245              
16683.41                 0.00793079               
17085.422                0.0075786444             
17487.426                0.0072538173             
17889.438                0.0069562965             
18291.455                0.006673294              
18693.459                0.0063986634             
19095.47                 0.006154723              
19497.479                0.0059261722             
19899.49                 0.005709387              
20301.502                0.0055043697             
20703.51                 0.0053120526             
21105.521                0.00513233               
21507.533                0.0049649384             
21909.543                0.0048070033             
22311.555                0.00465373               
22713.562                0.0045083314             
23115.574                0.0043665553             
23517.586                0.004228464              
23919.594                0.004095426              
24321.605                0.0039664856             
24723.617                0.0038395133             
25125.625                0.003714578              
25527.637                0.0035920208             
25929.645                0.0034690625             
26331.652                0.0033457011             
26733.668                0.0032219351             
27135.676                0.0030977686             
27537.684                0.0029731996             
27939.693                0.002848228              
