% x                      y                        z                        
-27939.695               0.0026578642             
-27537.684               0.0024415725             
-27135.676               0.0022159999             
-26733.664               0.0019811424             
-26331.654               0.0017370032             
-25929.645               0.0014835813             
-25527.635               0.0012208765             
-25125.625               9.458571E-4              
-24723.613               6.583031E-4              
-24321.605               3.5867802E-4             
-23919.594               4.8057598E-5             
-23517.584               -2.7751943E-4            
-23115.574               -6.222256E-4             
-22713.564               -9.860608E-4             
-22311.553               -0.0013690271            
-21909.545               -0.0017725694            
-21507.531               -0.0021937448            
-21105.521               -0.0026291944            
-20703.512               -0.003084712             
-20301.502               -0.0035774615            
-19899.49                -0.0041074455            
-19497.482               -0.0046746563            
-19095.473               -0.005279102             
-18693.46                -0.0059207827            
-18291.451               -0.006591449             
-17889.44                -0.007284799             
-17487.43                -0.008033079             
-17085.42                -0.008833762             
-16683.408               -0.009694661             
-16281.398               -0.010630575             
-15879.388               -0.011641509             
-15477.38                -0.012728746             
-15075.367               -0.013902812             
-14673.357               -0.015161772             
-14271.347               -0.01650563              
-13869.336               -0.017934388             
-13467.324               -0.019433687             
-13065.313               -0.02113501              
-12663.303               -0.023040283             
-12261.292               -0.02510167              
-11859.279               -0.027314099             
-11457.269               -0.02967755              
-11055.26                -0.032153226             
-10653.249               -0.035045322             
-10251.238               -0.038411994             
-9849.225                -0.042253256             
-9447.213                -0.046569075             
-9045.201                -0.051302526             
-8643.189                -0.05621348              
-8241.176                -0.06162419              
-7839.1636               -0.06808036              
-7437.1514               -0.07553227              
-7035.139                -0.08399463              
-6633.1255               -0.09359256              
-6231.115                -0.10405335              
-5829.101                -0.11618801              
-5427.0913               -0.13055478              
-5025.0786               -0.14561394              
-4623.067                -0.16153592              
-4221.061                -0.17840953              
-3819.0566               -0.19723351              
-3417.052                -0.21098393              
-3015.0488               -0.21798246              
-2613.0513               -0.21831828              
-2211.05                 -0.20736387              
-1809.0505               -0.1766949               
-1407.0438               -0.13433473              
-1005.0298               -0.08275007              
-603.02057               -0.042469025             
-201.01067               -0.0126840705            
201.00916                0.012155012              
603.01385                0.042585485              
1005.02936               0.08596236               
1407.0419                0.1372078                
1809.0469                0.1729663                
2211.0513                0.20526463               
2613.0527                0.21952918               
3015.0503                0.22055739               
3417.0547                0.21323305               
3819.0562                0.2014265                
4221.063                 0.18513745               
4623.072                 0.16554058               
5025.0796                0.14859429               
5427.092                 0.13330093               
5829.1006                0.119660825              
6231.1143                0.1076737                
6633.1284                0.09709304               
7035.1387                0.087369956              
7437.1523                0.07868783               
7839.167                 0.071269326              
8241.177                 0.06451712               
8643.19                  0.058477186              
9045.197                 0.053149685              
9447.21                  0.04831703               
9849.224                 0.04389509               
10251.233                0.04013522               
10653.246                0.03664583               
11055.256                0.033466067              
11457.269                0.030600397              
11859.281                0.028016636              
12261.29                 0.0257148                
12663.303                0.02372115               
13065.315                0.021850364              
13467.324                0.020086875              
13869.336                0.01842332               
14271.345                0.016894627              
14673.357                0.01551497               
15075.369                0.0142644355             
15477.378                0.013088575              
15879.39                 0.01202676               
16281.401                0.011020431              
16683.41                 0.010069598              
17085.422                0.0091742445             
17487.426                0.008334393              
17889.438                0.0075500105             
18291.455                0.0068183444             
18693.459                0.006143282              
19095.47                 0.00551067               
19497.479                0.0049075494             
19899.49                 0.0043353164             
20301.502                0.003793978              
20703.51                 0.0032832746             
21105.521                0.0028008476             
21507.533                0.0023464083             
21909.543                0.0019201669             
22311.555                0.0015138969             
22713.562                0.0011259179             
23115.574                7.5641513E-4             
23517.586                4.050653E-4              
23919.594                7.4069925E-5             
24321.605                -2.4005669E-4            
24723.617                -5.423137E-4             
25125.625                -8.325944E-4             
25527.637                -0.0011095675            
25929.645                -0.0013766751            
26331.652                -0.0016339198            
26733.668                -0.0018813064            
27135.676                -0.0021188252            
27537.684                -0.0023464812            
27939.693                -0.0025642745                         
