% x                      y                        z                                             
-27939.695               4.5999122E-4             
-27537.684               4.535871E-4              
-27135.676               4.4314927E-4             
-26733.664               4.286776E-4              
-26331.654               4.1017224E-4             
-25929.645               3.8763316E-4             
-25527.635               3.6106032E-4             
-25125.625               3.2743535E-4             
-24723.613               2.8951553E-4             
-24321.605               2.4807866E-4             
-23919.594               2.0337354E-4             
-23517.584               1.5588157E-4             
-23115.574               1.05370644E-4            
-22713.564               5.1840732E-5             
-22311.553               -4.7084354E-6            
-21909.545               -6.655005E-5             
-21507.531               -1.3269202E-4            
-21105.521               -2.0064278E-4            
-20703.512               -2.751938E-4             
-20301.502               -3.4805163E-4            
-19899.49                -4.192166E-4             
-19497.482               -4.886877E-4             
-19095.473               -5.56466E-4              
-18693.46                -6.2255136E-4            
-18291.451               -6.861325E-4             
-17889.44                -7.460183E-4             
-17487.43                -8.0344884E-4            
-17085.42                -8.64219E-4              
-16683.408               -9.3127537E-4            
-16281.398               -9.73538E-4              
-15879.388               -9.910071E-4             
-15477.38                -9.828403E-4             
-15075.367               -9.490419E-4             
-14673.357               -8.95677E-4              
-14271.347               -8.227455E-4             
-13869.336               -7.3024735E-4            
-13467.324               -6.088232E-4             
-13065.313               -4.3254532E-4            
-12663.303               -1.7654897E-4            
-12261.292               1.5525486E-4             
-11859.279               5.5130175E-4             
-11457.269               0.0010115879             
-11055.26                0.0014573064             
-10653.249               0.0020731774             
-10251.238               0.0029095812             
-9849.225                0.0039665243             
-9447.213                0.005243997              
-9045.201                0.006848262              
-8643.189                0.008681006              
-8241.176                0.010585876              
-7839.1636               0.013070637              
-7437.1514               0.016302088              
-7035.139                0.020275941              
-6633.1255               0.024852185              
-6231.115                0.03001931               
-5829.101                0.036180988              
-5427.0913               0.043939278              
-5025.0786               0.053928494              
-4623.067                0.064472616              
-4221.061                0.076303944              
-3819.0566               0.09128619               
-3417.052                0.10587021               
-3015.0488               0.1185955                
-2613.0513               0.1296004                
-2211.05                 0.1367483                
-1809.0505               0.12742862               
-1407.0438               0.10576495               
-1005.0298               0.05948733               
-603.02057               2.8332003E-4             
-201.01067               -0.063801356             
201.00916                -0.05520146              
603.01385                0.001604275              
1005.02936               0.0523979                
1407.0419                0.1020576                
1809.0469                0.12750165               
2211.0513                0.13974851               
2613.0527                0.1351013                
3015.0503                0.12083233               
3417.0547                0.1084377                
3819.0562                0.09531726               
4221.063                 0.081470735              
4623.072                 0.06766769               
5025.0796                0.05611432               
5427.092                 0.04620599               
5829.1006                0.03794289               
6231.1143                0.03132485               
6633.1284                0.025960462              
7035.1387                0.021089243              
7437.1523                0.01700599               
7839.167                 0.013992411              
8241.177                 0.0113501                
8643.19                  0.009067202              
9045.197                 0.007143778              
9447.21                  0.0055471845             
9849.224                 0.0042560794             
10251.233                0.0032479325             
10653.246                0.002365144              
11055.256                0.0016070646             
11457.269                9.836942E-4              
11859.281                4.987053E-4              
12261.29                 1.5210027E-4             
12663.303                -1.2985826E-4            
13065.315                -3.7571543E-4            
13467.324                -5.806666E-4             
13869.336                -7.455917E-4             
14271.345                -8.6757564E-4            
14673.357                -9.4526034E-4            
15075.369                -9.785178E-4             
15477.378                -9.792913E-4             
15879.39                 -9.775172E-4             
16281.401                -9.641615E-4             
16683.41                 -9.3922426E-4            
17085.422                -9.027052E-4             
17487.426                -8.546054E-4             
17889.438                -7.949231E-4             
18291.455                -7.2882714E-4            
18693.459                -6.6083076E-4            
19095.47                 -5.9046E-4               
19497.479                -5.2031985E-4            
19899.49                 -4.5025517E-4            
20301.502                -3.8026678E-4            
20703.51                 -3.1138648E-4            
21105.521                -2.4275394E-4            
21507.533                -1.7395912E-4            
21909.543                -1.0530104E-4            
22311.555                -3.7812566E-5            
22713.562                1.5635902E-5             
23115.574                6.7838606E-5             
23517.586                1.19530116E-4            
23919.594                1.6857777E-4             
24321.605                2.1396695E-4             
24723.617                2.5587706E-4             
25125.625                2.9414616E-4             
25527.637                3.2476347E-4             
25929.645                3.5130227E-4             
26331.652                3.7376283E-4             
26733.668                3.921455E-4              
27135.676                4.0644957E-4             
27537.684                4.1667544E-4             
27939.693                4.228231E-4              
