% x                      y                        z                        
5.024296E-14             3.374899E-5              
22.40549                 4.5997782E-5             
44.81098                 5.824657E-5              
67.21647                 7.0495356E-5             
89.62196                 8.274415E-5              
112.02745                9.499294E-5              
134.43294                1.0724172E-4             
156.83844                1.1949051E-4             
179.24393                1.317393E-4              
201.64943                1.439881E-4              
224.0549                 1.5623689E-4             
246.4604                 1.6848567E-4             
268.86588                1.8073445E-4             
291.2714                 1.9298325E-4             
313.67688                2.0523203E-4             
336.08237                1.8334482E-4             
358.48785                1.7471689E-4             
380.89334                2.6136666E-4             
403.29886                2.8520107E-4             
425.7043                 4.3701983E-4             
448.1098                 4.6693493E-4             
470.5153                 4.9685E-4                
492.9208                 5.2676507E-4             
515.3263                 5.5668014E-4             
537.73175                5.8659515E-4             
560.13727                6.165102E-4              
582.5428                 6.4642535E-4             
604.94824                6.7634037E-4             
627.35376                7.0625544E-4             
649.7592                 7.3617045E-4             
672.16473                7.660855E-4              
694.57025                7.9600065E-4             
716.9757                 8.259157E-4              
739.38116                0.0012866994             
761.7867                 0.0013031139             
784.19214                0.0013195281             
806.5977                 0.0013359425             
829.0032                 0.0013523569             
851.4086                 0.0013687712             
873.8142                 0.0013851856             
896.2196                 0.0014015998             
918.6251                 0.0014180143             
941.0306                 0.0014344286             
963.4361                 0.001450843              
985.8416                 0.0014672573             
1008.2471                0.0014836716             
1030.6526                0.001500086              
1053.0581                0.0012567278             
1075.4635                0.0012805503             
1097.869                 0.0013043728             
1120.2745                0.0013281952             
1142.68                  0.0013520179             
1165.0856                0.0013758404             
1187.4911                0.0013996628             
1209.8965                0.0014234853             
1232.3019                0.0014473078             
1254.7075                0.0014711303             
1277.1129                0.0014949528             
1299.5184                0.0015187752             
1321.924                 0.0015425979             
1344.3295                0.0013413016             
1366.735                 0.0013308842             
1389.1405                0.0013204669             
1411.5459                0.0013100496             
1433.9514                0.0012996322             
1456.3569                0.0012892149             
1478.7623                0.0012787976             
1501.168                 0.0012683802             
1523.5734                0.00119019               
1545.9789                0.0011598241             
1568.3843                0.0011294582             
1590.7899                0.0010990921             
1613.1954                0.0010687261             
1635.6007                0.0010383603             
1658.0063                0.0010079942             
1680.4119                9.776282E-4              
1702.8173                9.4726245E-4             
1725.2228                9.168964E-4              
1747.6284                8.8653027E-4             
1770.0337                8.5616455E-4             
1792.4392                8.257985E-4              
1814.8447                7.954326E-4              
1837.2502                7.6506654E-4             
1859.6558                6.901069E-4              
1882.0612                6.702816E-4              
1904.4668                6.504562E-4              
1926.8722                6.306309E-4              
1949.2777                6.108056E-4              
1971.6832                5.9098017E-4             
1994.0885                5.71155E-4               
2016.4941                5.513296E-4              
2038.8997                5.3150416E-4             
2061.3052                5.1167875E-4             
2083.7107                4.9185357E-4             
2106.1162                4.720282E-4              
2128.5217                4.522029E-4              
2150.927                 4.1138957E-4             
2173.3328                4.0204753E-4             
2195.738                 3.9270555E-4             
2218.1436                3.833636E-4              
2240.549                 3.7402162E-4             
2262.9546                3.6467958E-4             
2285.36                  3.5533754E-4             
2307.7654                3.4599562E-4             
2330.1711                3.3665352E-4             
2352.5767                3.2731157E-4             
2374.9822                3.179696E-4              
2397.3875                2.6770492E-4             
2419.793                 2.618599E-4              
2442.1985                2.560149E-4              
2464.6038                2.5016992E-4             
2487.0095                2.4432485E-4             
2509.415                 2.3847984E-4             
2531.8206                2.3263485E-4             
2554.2258                2.2678985E-4             
2576.6316                2.2094478E-4             
2599.0369                2.1509985E-4             
2621.4424                2.0925478E-4             
2643.848                 2.0340979E-4             
2666.2534                1.9756479E-4             
2688.659                 1.917198E-4              
2711.0642                1.8587479E-4             
2733.47                  1.8002972E-4             
2755.8755                1.7418472E-4             
2778.281                 1.6833973E-4             
2800.6863                1.6249473E-4             
2823.0918                1.5902135E-4             
2845.4976                1.5188246E-4             
2867.9028                1.4474365E-4             
2890.308                 1.3760493E-4             
2912.7139                1.2711319E-4             
2935.1194                1.2459974E-4             
2957.5247                1.2208628E-4             
2979.9304                1.195728E-4              
3002.336                 1.17059346E-4            
3024.741                 1.14545925E-4            
3047.1467                1.1203244E-4             
3069.5522                1.0951899E-4             
3091.9578                1.0700553E-4             
3114.3633                1.0449204E-4             
3136.7686                1.0197862E-4             
3159.174                 9.298687E-5              
3181.5798                9.1046306E-5             
3203.985                 8.910577E-5              
3226.3909                8.716521E-5              
3248.7964                8.522467E-5              
3271.2014                8.3284154E-5             
3293.6072                8.134359E-5              
3316.0127                7.940306E-5              
3338.4182                7.7462515E-5             
3360.8237                7.552195E-5              
3383.229                 7.358144E-5              
3405.6345                7.16409E-5               
3428.04                  6.9700334E-5             
3450.4456                6.77598E-5               
3472.851                 6.581926E-5              
3495.2568                6.38787E-5               
3517.6619                6.193818E-5              
3540.0674                5.9997645E-5             
3562.4731                5.8057085E-5             
3584.8784                5.6116547E-5             
3607.284                 5.4176006E-5             
3629.6895                5.2235468E-5             
3652.095                 5.029493E-5              
3674.5005                4.835437E-5              
3696.906                 4.641383E-5              
3719.3115                4.447329E-5              
3741.7173                4.253273E-5              
3764.1223                4.0592215E-5             
3786.5278                4.357495E-5              
3808.9336                4.3021897E-5             
3831.3389                4.2468848E-5             
3853.7444                4.19158E-5               
3876.1501                4.1362742E-5             
3898.5554                4.08097E-5               
3920.9607                4.025665E-5              
3943.3665                2.8996648E-5             
3965.772                 2.8696099E-5             
3988.177                 2.8395552E-5             
4010.5828                2.8094999E-5             
4032.9883                2.779445E-5              
4055.3938                2.74939E-5               
4077.7993                2.7193346E-5             
4100.205                 2.8288396E-5             
4122.6104                2.7660159E-5             
4145.0156                2.7031938E-5             
4167.4214                2.640371E-5              
4189.827                 2.5775473E-5             
4212.2324                2.5147245E-5             
4234.6377                2.4519024E-5             
4257.0435                2.3890789E-5             
4279.4487                2.326256E-5              
4301.854                 2.263433E-5              
4324.26                  2.2006096E-5             
4346.6655                2.1377868E-5             
4369.0703                2.0749647E-5             
4391.476                 2.012141E-5              
4413.882                 1.9493182E-5             
4436.287                 1.8864954E-5             
4458.693                 1.8236717E-5             
4481.098                 1.7608496E-5             
4503.5034                1.6980268E-5             
4525.909                 1.635203E-5              
4548.3145                1.6345419E-5             
4570.72                  1.5966136E-5             
4593.1255                1.5586862E-5             
4615.531                 1.5207583E-5             
4637.937                 1.4828295E-5             
4660.3423                1.4449017E-5             
4682.747                 1.40697475E-5            
4705.1533                1.3690459E-5             
4727.5586                1.3311181E-5             
4749.9644                1.2931902E-5             
4772.3696                1.2552624E-5             
4794.775                 1.2173346E-5             
4817.1807                1.1098448E-5             
4839.586                 1.09646335E-5            
4861.991                 1.0830818E-5             
4884.397                 1.0697003E-5             
4906.8027                1.0563184E-5             
4929.2075                1.0429372E-5             
4951.614                 1.0295555E-5             
4974.019                 1.0161739E-5             
4996.425                 1.0027924E-5             
5018.83                  9.894109E-6              
5041.2354                9.760293E-6              
5063.641                 9.6264785E-6             
5086.0464                9.492664E-6              
5108.4517                9.358848E-6              
5130.8574                9.225033E-6              
5153.263                 9.091214E-6              
5175.668                 8.957403E-6              
5198.0737                8.823587E-6              
5220.4795                8.689769E-6              
5242.885                 8.555954E-6              
5265.2905                8.422139E-6              
5287.696                 8.288324E-6              
5310.1016                8.154509E-6              
5332.507                 8.020694E-6              
5354.912                 7.886879E-6              
5377.318                 7.753063E-6              
5399.7236                7.619245E-6              
5422.1284                7.485433E-6              
5444.534                 7.351618E-6              
5466.94                  7.2177995E-6             
5489.345                 7.0839847E-6             
5511.751                 6.9501693E-6             
5534.1562                6.816354E-6              
5556.562                 6.682539E-6              
5578.9673                6.548724E-6              
5601.3726                6.414909E-6              
5623.779                 6.2810905E-6             
5646.1836                6.1472783E-6             
5668.589                 6.0134635E-6             
5690.995                 4.9888154E-6             
5713.4                   4.937188E-6              
5735.8057                4.8855577E-6             
5758.2114                4.833929E-6              
5780.616                 4.7823014E-6             
5803.022                 4.730671E-6              
5825.4277                4.6790424E-6             
5847.833                 4.627414E-6              
5870.239                 4.575785E-6              
5892.6445                4.524155E-6              
5915.0493                4.4725275E-6             
5937.455                 4.4208987E-6             
5959.861                 4.3692685E-6             
5982.2656                4.317641E-6              
6004.672                 4.2660113E-6             
6027.077                 4.2143824E-6             
6049.482                 4.162755E-6              
6071.888                 4.111125E-6              
6094.2935                4.059496E-6              
6116.699                 4.007867E-6              
6139.1045                3.9562383E-6             
6161.51                  3.9046095E-6             
6183.9155                3.852981E-6              
6206.321                 3.801352E-6              
6228.7266                3.749722E-6              
6251.132                 3.6980946E-6             
6273.537                 3.6464658E-6             
6295.943                 3.5948358E-6             
6318.348                 3.5432083E-6             
6340.754                 3.4915781E-6             
6363.1597                3.4399495E-6             
6385.5645                3.3883218E-6             
6407.97                  3.3366919E-6             
6430.376                 3.285063E-6              
6452.7817                3.233433E-6              
6475.1865                3.1818056E-6             
6497.593                 3.1301756E-6             
6519.998                 3.0785468E-6             
6542.403                 3.0269193E-6             
6564.809                 2.9752891E-6             
6587.2144                2.9236605E-6             
6609.6196                2.8720317E-6             
6632.0254                2.8204029E-6             
6654.431                 2.768773E-6              
6676.8364                2.7171452E-6             
6699.2417                2.6655166E-6             
6721.6475                2.6138864E-6             
6744.0527                2.562259E-6              
6766.458                 2.51063E-6               
6788.864                 2.4590001E-6             
6811.269                 2.4073727E-6             
6833.675                 2.3557427E-6             
6856.08                  2.3041139E-6             
6878.4854                2.2524864E-6             
6900.891                 2.2008562E-6             
6923.297                 2.1492276E-6             
6945.702                 2.0975988E-6             
6968.1074                2.04597E-6               
6990.5137                1.99434E-6               
7012.9185                1.9427125E-6             
7035.3237                1.8910837E-6             
7057.73                  1.8394536E-6             
7080.135                 1.8263764E-6             
7102.5405                1.8000101E-6             
7124.9463                1.7736444E-6             
7147.351                 1.7472794E-6             
7169.757                 1.720913E-6              
7192.1626                1.6945473E-6             
7214.568                 1.6681817E-6             
7236.9736                1.641816E-6              
7259.379                 1.6154503E-6             
7281.784                 1.5890846E-6             
7304.19                  1.5627189E-6             
7326.5957                1.5363526E-6             
7349.001                 1.5099869E-6             
7371.4062                1.4836219E-6             
7393.812                 1.4572555E-6             
7416.2173                1.4308898E-6             
7438.623                 1.4045241E-6             
7461.0283                1.3781585E-6             
7483.4346                1.3517921E-6             
7505.8394                1.3254271E-6             
7528.2446                1.2990614E-6             
7550.651                 1.119831E-6              
7573.0557                1.113767E-6              
7595.4614                1.1077026E-6             
7617.867                 1.1016383E-6             
7640.272                 1.0955741E-6             
7662.6777                1.0895097E-6             
7685.0835                1.0834455E-6             
7707.489                 1.0773813E-6             
7729.8945                1.071317E-6              
7752.3003                1.0652526E-6             
7774.705                 1.0591884E-6             
7797.111                 1.0531242E-6             
7819.5166                1.0470598E-6             
7841.9214                1.0409957E-6             
7864.327                 1.0349314E-6             
7886.733                 1.028867E-6              
7909.1377                1.0228028E-6             
7931.544                 1.0167385E-6             
7953.949                 1.0106742E-6             
7976.354                 1.0046101E-6             
7998.7603                9.985457E-7              
8021.1655                9.924814E-7              
8043.5713                9.864171E-7              
8065.9766                9.803529E-7              
8088.3823                9.742885E-7              
8110.7876                9.682243E-7              
8133.193                 9.621601E-7              
8155.5986                9.560956E-7              
8178.0044                9.500314E-7              
8200.41                  9.4396717E-7             
8222.815                 9.379029E-7              
8245.221                 8.666577E-7              
8267.626                 8.5970095E-7             
8290.031                 8.527434E-7              
8312.4375                8.4578505E-7             
8334.843                 8.388264E-7              
8357.248                 8.3186677E-7             
8379.654                 8.249067E-7              
8402.059                 8.1794616E-7             
8424.465                 8.1098466E-7             
8446.87                  8.040227E-7              
8469.275                 7.970603E-7              
8491.681                 7.90097E-7               
8514.087                 7.8313315E-7             
8536.492                 7.7616875E-7             
8558.897                 7.692038E-7              
8581.304                 7.62238E-7               
8603.708                 7.55272E-7               
8626.113                 7.4830524E-7             
8648.52                  7.413377E-7              
8670.925                 7.3436996E-7             
8693.331                 7.274013E-7              
8715.736                 7.204322E-7              
8738.141                 7.134627E-7              
8760.547                 7.064923E-7              
8782.952                 6.9952154E-7             
8805.357                 6.925502E-7              
8827.764                 6.855783E-7              
8850.169                 6.7860566E-7             
8872.574                 6.7163285E-7             
8894.9795                6.646593E-7              
8917.386                 6.5768506E-7             
8939.79                  6.507106E-7              
8962.196                 6.4373546E-7             
8984.602                 6.3675964E-7             
9007.007                 6.297836E-7              
9029.413                 6.228067E-7              
9051.818                 6.1582944E-7             
9074.225                 6.088515E-7              
9096.629                 6.018734E-7              
9119.034                 5.9489463E-7             
9141.44                  5.8791517E-7             
9163.846                 5.809356E-7              
9186.251                 5.739553E-7              
9208.657                 5.6697417E-7             
9231.062                 5.599932E-7              
9253.467                 5.530115E-7              
9275.874                 5.460289E-7              
9298.278                 5.3904654E-7             
9320.685                 5.32063E-7               
9343.09                  5.250793E-7              
9365.494                 5.1809553E-7             
9387.901                 5.111106E-7              
9410.307                 5.041255E-7              
9432.712                 4.9714E-7                
9455.117                 4.9015404E-7             
9477.522                 4.831676E-7              
9499.929                 4.7618067E-7             
9522.334                 4.6919334E-7             
9544.739                 4.6220558E-7             
9567.145                 4.5521736E-7             
9589.55                  4.482287E-7              
9611.955                 4.412396E-7              
9634.361                 4.342501E-7              
9656.767                 4.2726015E-7             
9679.172                 4.2026977E-7             
9701.577                 4.13279E-7               
9723.982                 4.0628777E-7             
9746.388                 3.9929617E-7             
9768.794                 3.9230412E-7             
9791.199                 3.853117E-7              
9813.605                 3.783185E-7              
9836.01                  3.713256E-7              
9858.415                 3.6433195E-7             
9880.822                 3.5733757E-7             
9903.228                 3.5034316E-7             
9925.633                 3.4334832E-7             
9948.038                 3.363531E-7              
9970.443                 3.2935753E-7             
9992.85                  3.223616E-7              
10015.255                2.9409858E-7             
10037.66                 2.9231248E-7             
10060.065                2.905248E-7              
10082.471                2.8873552E-7             
10104.876                2.8694464E-7             
10127.282                2.851522E-7              
10149.6875               2.8335816E-7             
10172.093                2.8156254E-7             
10194.498                2.7976535E-7             
10216.903                2.7796656E-7             
10239.309                2.7616622E-7             
10261.715                2.743643E-7              
10284.12                 2.7256084E-7             
10306.526                2.7075572E-7             
10328.931                2.6894924E-7             
10351.336                2.671411E-7              
10373.743                2.6533132E-7             
10396.147                2.6352018E-7             
10418.554                2.617073E-7              
10440.959                2.5989297E-7             
10463.363                2.5807722E-7             
10485.77                 2.5625974E-7             
10508.176                2.544408E-7              
10530.581                2.5262037E-7             
10552.986                2.507984E-7              
10575.392                2.489749E-7              
10597.797                2.471499E-7              
10620.203                2.4532338E-7             
10642.608                2.4349535E-7             
10665.014                2.416658E-7              
10687.419                2.3983475E-7             
10709.824                2.380022E-7              
10732.2295               2.3616816E-7             
10754.636                2.3433262E-7             
10777.041                2.3249558E-7             
10799.447                2.3065697E-7             
10821.852                2.2881706E-7             
10844.257                2.2697556E-7             
10866.664                2.251325E-7              
10889.068                2.2328814E-7             
10911.475                2.2144214E-7             
10933.88                 2.1959474E-7             
10956.284                2.1774598E-7             
10978.69                 2.1589557E-7             
11001.097                2.1404378E-7             
11023.502                2.1219054E-7             
11045.907                2.1033586E-7             
11068.3125               2.084797E-7              
11090.718                2.0662212E-7             
11113.124                2.0476307E-7             
11135.529                2.029026E-7              
11157.935                2.0104066E-7             
11180.34                 1.9917731E-7             
