% x                      y                        z                        
5.024296E-14             0.012881558              
22.40549                 0.07567591               
44.81098                 0.14504112               
67.21647                 0.21411802               
89.62196                 0.2826803                
112.02745                0.3506799                
134.43294                0.41810048               
156.83844                0.484935                 
179.24393                0.5511798                
201.64943                0.616833                 
224.0549                 0.6818932                
246.4604                 0.74635994               
268.86588                0.81023246               
291.2714                 0.8735106                
313.67688                0.936194                 
336.08237                0.9996839                
358.48785                1.0626745                
380.89334                1.1209388                
403.29886                1.173963                 
425.7043                 1.224729                 
448.1098                 1.2716244                
470.5153                 1.3162318                
492.9208                 1.3585514                
515.3263                 1.3985826                
537.73175                1.4363253                
560.13727                1.4717797                
582.5428                 1.5049459                
604.94824                1.5358235                
627.35376                1.564413                 
649.7592                 1.5907142                
672.16473                1.6147275                
694.57025                1.636453                 
716.9757                 1.6558907                
739.38116                1.6701308                
761.7867                 1.6749957                
784.19214                1.6782                   
806.5977                 1.6797439                
829.0032                 1.6796272                
851.4086                 1.6778497                
873.8142                 1.6744113                
896.2196                 1.6693121                
918.6251                 1.6625518                
941.0306                 1.6541305                
963.4361                 1.644048                 
985.8416                 1.6323043                
1008.2471                1.6188995                
1030.6526                1.6038332                
1053.0581                1.5862516                
1075.4635                1.5665866                
1097.869                 1.5454615                
1120.2745                1.5228763                
1142.68                  1.4988303                
1165.0856                1.473324                 
1187.4911                1.446357                 
1209.8965                1.417929                 
1232.3019                1.3880402                
1254.7075                1.3566902                
1277.1129                1.3238792                
1299.5184                1.2896073                
1321.924                 1.2538742                
1344.3295                1.2207557                
1366.735                 1.1886159                
1389.1405                1.1568493                
1411.5459                1.1254548                
1433.9514                1.0944318                
1456.3569                1.0637802                
1478.7623                1.0334991                
1501.168                 1.0035881                
1523.5734                0.9744918                
1545.9789                0.94626534               
1568.3843                0.9184769                
1590.7899                0.8911257                
1613.1954                0.8642115                
1635.6007                0.8377342                
1658.0063                0.8116928                
1680.4119                0.78608716               
1702.8173                0.76091737               
1725.2228                0.7361826                
1747.6284                0.71188295               
1770.0337                0.6880186                
1792.4392                0.66458917               
1814.8447                0.6415951                
1837.2502                0.6190366                
1859.6558                0.6001389                
1882.0612                0.5817963                
1904.4668                0.5638432                
1926.8722                0.5462798                
1949.2777                0.5291059                
1971.6832                0.5123213                
1994.0885                0.49592623               
2016.4941                0.47992024               
2038.8997                0.4643035                
2061.3052                0.44907594               
2083.7107                0.43423772               
2106.1162                0.4197885                
2128.5217                0.40572858               
2150.927                 0.39217672               
2173.3328                0.3791559                
2195.738                 0.36654916               
2218.1436                0.35435602               
2240.549                 0.34257627               
2262.9546                0.33120954               
2285.36                  0.32025576               
2307.7654                0.30971497               
2330.1711                0.2995869                
2352.5767                0.2898719                
2374.9822                0.28057012               
2397.3875                0.27222955               
2419.793                 0.26454717               
2442.1985                0.25703183               
2464.6038                0.24968344               
2487.0095                0.24250199               
2509.415                 0.23548761               
2531.8206                0.22864023               
2554.2258                0.22195984               
2576.6316                0.21544638               
2599.0369                0.20910007               
2621.4424                0.20292062               
2643.848                 0.19690822               
2666.2534                0.19106282               
2688.659                 0.18538444               
2711.0642                0.17987303               
2733.47                  0.17452858               
2755.8755                0.16935118               
2778.281                 0.1643408                
2800.6863                0.1594974                
2823.0918                0.15481164               
2845.4976                0.15026963               
2867.9028                0.14589901               
2890.308                 0.1416998                
2912.7139                0.1380281                
2935.1194                0.1348143                
2957.5247                0.13165084               
2979.9304                0.12853763               
3002.336                 0.12547477               
3024.741                 0.12246225               
3047.1467                0.11949996               
3069.5522                0.116588004              
3091.9578                0.11372635               
3114.3633                0.11091495               
3136.7686                0.108153924              
3159.174                 0.10543203               
3181.5798                0.102733694              
3203.985                 0.100093946              
3226.3909                0.09751272               
3248.7964                0.09499009               
3271.2014                0.09252604               
3293.6072                0.09012047               
3316.0127                0.087773494              
3338.4182                0.085485056              
3360.8237                0.08325514               
3383.229                 0.08108382               
3405.6345                0.07897102               
3428.04                  0.07691674               
3450.4456                0.074921034              
3472.851                 0.072983876              
3495.2568                0.07110524               
3517.6619                0.069285214              
3540.0674                0.06752372               
3562.4731                0.06582077               
3584.8784                0.06417642               
3607.284                 0.06259064               
3629.6895                0.061063454              
3652.095                 0.05959487               
3674.5005                0.05818488               
3696.906                 0.05683354               
3719.3115                0.05554084               
3741.7173                0.05430679               
3764.1223                0.053131454              
3786.5278                0.05200621               
3808.9336                0.05071186               
3831.3389                0.04945881               
3853.7444                0.04824711               
3876.1501                0.04707682               
3898.5554                0.04594808               
3920.9607                0.044860974              
3943.3665                0.043917127              
3965.772                 0.04304712               
3988.177                 0.042190332              
4010.5828                0.041346736              
4032.9883                0.040516358              
4055.3938                0.039699186              
4077.7993                0.038895205              
4100.205                 0.03808591               
4122.6104                0.03729125               
4145.0156                0.036513627              
4167.4214                0.035753008              
4189.827                 0.0350094                
4212.2324                0.034282815              
4234.6377                0.033573255              
4257.0435                0.032880694              
4279.4487                0.03220516               
4301.854                 0.03154664               
4324.26                  0.030905131              
4346.6655                0.030280644              
4369.0703                0.029673183              
4391.476                 0.029082723              
4413.882                 0.028509285              
4436.287                 0.027952865              
4458.693                 0.027413452              
4481.098                 0.02689107               
4503.5034                0.026385697              
4525.909                 0.025897333              
4548.3145                0.0254263                
4570.72                  0.024965322              
4593.1255                0.024513518              
4615.531                 0.024070866              
4637.937                 0.02363736               
4660.3423                0.023213012              
4682.747                 0.022797825              
4705.1533                0.02239176               
4727.5586                0.021994852              
4749.9644                0.021607082              
4772.3696                0.021228455              
4794.775                 0.020858968              
4817.1807                0.020509487              
4839.586                 0.020173866              
4861.991                 0.019842744              
4884.397                 0.019516122              
4906.8027                0.019193988              
4929.2075                0.018876364              
4951.614                 0.018563222              
4974.019                 0.018254582              
4996.425                 0.017950432              
5018.83                  0.017650774              
5041.2354                0.017355608              
5063.641                 0.017064927              
5086.0464                0.016778737              
5108.4517                0.01649703               
5130.8574                0.016219812              
5153.263                 0.01594707               
5175.668                 0.015678825              
5198.0737                0.015415054              
5220.4795                0.015155758              
5242.885                 0.014900947              
5265.2905                0.014650617              
5287.696                 0.0144047635             
5310.1016                0.014163387              
5332.507                 0.013926487              
5354.912                 0.013694064              
5377.318                 0.013466114              
5399.7236                0.013242634              
5422.1284                0.013023639              
5444.534                 0.012809113              
5466.94                  0.012599054              
5489.345                 0.012393475              
5511.751                 0.012192369              
5534.1562                0.011995738              
5556.562                 0.011803582              
5578.9673                0.011615901              
5601.3726                0.011432696              
5623.779                 0.011253965              
5646.1836                0.011079721              
5668.589                 0.010909953              
5690.995                 0.010761591              
5713.4                   0.010615617              
5735.8057                0.010471137              
5758.2114                0.010328162              
5780.616                 0.010186693              
5803.022                 0.010046717              
5825.4277                0.009908246              
5847.833                 0.009771276              
5870.239                 0.009635807              
5892.6445                0.009501835              
5915.0493                0.009369371              
5937.455                 0.009238403              
5959.861                 0.009108933              
5982.2656                0.008980968              
6004.672                 0.008854498              
6027.077                 0.00872953               
6049.482                 0.008606064              
6071.888                 0.008484093              
6094.2935                0.008363622              
6116.699                 0.008244651              
6139.1045                0.008127179              
6161.51                  0.008011205              
6183.9155                0.00789673               
6206.321                 0.007783753              
6228.7266                0.0076722717             
6251.132                 0.007562293              
6273.537                 0.0074538104             
6295.943                 0.007346822              
6318.348                 0.0072413366             
6340.754                 0.0071373433             
6363.1597                0.00703485               
6385.5645                0.0069338554             
6407.97                  0.0068343533             
6430.376                 0.00673635               
6452.7817                0.006639841              
6475.1865                0.006544833              
6497.593                 0.006451317              
6519.998                 0.006359299              
6542.403                 0.00626878               
6564.809                 0.0061797523             
6587.2144                0.006092223              
6609.6196                0.006006189              
6632.0254                0.0059216516             
6654.431                 0.0058386074             
6676.8364                0.0057570636             
6699.2417                0.005677013              
6721.6475                0.005598457              
6744.0527                0.0055214004             
6766.458                 0.005445838              
6788.864                 0.00537177               
6811.269                 0.0052992012             
6833.675                 0.005228126              
6856.08                  0.0051585487             
6878.4854                0.0050904695             
6900.891                 0.0050238846             
6923.297                 0.004958798              
6945.702                 0.00489521               
6968.1074                0.004833119              
6990.5137                0.004772525              
7012.9185                0.0047134324             
7035.3237                0.004655838              
7057.73                  0.0045997417             
7080.135                 0.0045422907             
7102.5405                0.0044835215             
7124.9463                0.004425928              
7147.351                 0.0043695103             
7169.757                 0.0043142643             
7192.1626                0.0042601936             
7214.568                 0.004207297              
7236.9736                0.004155575              
7259.379                 0.0041050264             
7281.784                 0.004055652              
7304.19                  0.0040074517             
7326.5957                0.0039604236             
7349.001                 0.003914571              
7371.4062                0.0038698933             
7393.812                 0.0038263875             
7416.2173                0.003784057              
7438.623                 0.003742901              
7461.0283                0.0037029192             
7483.4346                0.0036641113             
7505.8394                0.00362648               
7528.2446                0.0035900234             
7550.651                 0.0035545276             
7573.0557                0.0035188592             
7595.4614                0.003483446              
7617.867                 0.003448291              
7640.272                 0.0034133939             
7662.6777                0.0033787522             
7685.0835                0.0033443684             
7707.489                 0.0033102415             
7729.8945                0.0032763714             
7752.3003                0.0032427574             
7774.705                 0.0032094016             
7797.111                 0.0031763017             
7819.5166                0.0031434577             
7841.9214                0.0031108719             
7864.327                 0.0030785417             
7886.733                 0.0030464674             
7909.1377                0.003014651              
7931.544                 0.0029830893             
7953.949                 0.0029517848             
7976.354                 0.002920737              
7998.7603                0.0028899442             
8021.1655                0.002859408              
8043.5713                0.0028291282             
8065.9766                0.0027991042             
8088.3823                0.0027693356             
8110.7876                0.0027398244             
8133.193                 0.0027105683             
8155.5986                0.0026815673             
8178.0044                0.002652823              
8200.41                  0.0026243345             
8222.815                 0.0025961017             
8245.221                 0.002568359              
8267.626                 0.0025413933             
8290.031                 0.0025146701             
8312.4375                0.0024881896             
8334.843                 0.0024619533             
8357.248                 0.0024359585             
8379.654                 0.0024102067             
8402.059                 0.002384698              
8424.465                 0.0023594298             
8446.87                  0.0023344038             
8469.275                 0.0023096201             
8491.681                 0.002285076              
8514.087                 0.0022607737             
8536.492                 0.002236712              
8558.897                 0.0022128907             
8581.304                 0.0021893089             
8603.708                 0.002165968              
8626.113                 0.0021428661             
8648.52                  0.002120003              
8670.925                 0.0020973803             
8693.331                 0.0020749953             
8715.736                 0.0020528494             
8738.141                 0.0020309424             
8760.547                 0.0020092723             
8782.952                 0.0019878407             
8805.357                 0.0019666466             
8827.764                 0.0019456898             
8850.169                 0.0019249696             
8872.574                 0.0019044871             
8894.9795                0.0018842408             
8917.386                 0.0018642303             
8939.79                  0.0018444568             
8962.196                 0.0018249187             
8984.602                 0.0018056156             
9007.007                 0.0017865489             
9029.413                 0.0017677161             
9051.818                 0.0017491188             
9074.225                 0.0017307556             
9096.629                 0.0017126276             
9119.034                 0.0016947333             
9141.44                  0.0016770723             
9163.846                 0.0016596458             
9186.251                 0.0016424522             
9208.657                 0.001625491              
9231.062                 0.0016087642             
9253.467                 0.0015922692             
9275.874                 0.0015760058             
9298.278                 0.0015599761             
9320.685                 0.0015441768             
9343.09                  0.0015286099             
9365.494                 0.0015132752             
9387.901                 0.0014981702             
9410.307                 0.0014832969             
9432.712                 0.0014686541             
9455.117                 0.001454242              
9477.522                 0.0014400601             
9499.929                 0.0014261081             
9522.334                 0.0014123858             
9544.739                 0.0013988932             
9567.145                 0.0013856298             
9589.55                  0.0013725954             
9611.955                 0.0013597899             
9634.361                 0.0013472129             
9656.767                 0.0013348643             
9679.172                 0.0013227437             
9701.577                 0.0013108512             
9723.982                 0.0012991861             
9746.388                 0.0012877486             
9768.794                 0.0012765382             
9791.199                 0.0012655548             
9813.605                 0.0012547976             
9836.01                  0.0012442678             
9858.415                 0.0012339639             
9880.822                 0.0012238855             
9903.228                 0.0012140333             
9925.633                 0.0012044068             
9948.038                 0.0011950056             
9970.443                 0.0011858296             
9992.85                  0.0011768785             
10015.255                0.001168063              
10037.66                 0.0011592886             
10060.065                0.0011505698             
10082.471                0.0011419066             
10104.876                0.0011332991             
10127.282                0.001124747              
10149.6875               0.0011162504             
10172.093                0.0011078093             
10194.498                0.0010994234             
10216.903                0.0010910928             
10239.309                0.0010828176             
10261.715                0.0010745975             
10284.12                 0.0010664326             
10306.526                0.0010583223             
10328.931                0.0010502678             
10351.336                0.001042268              
10373.743                0.0010343227             
10396.147                0.0010264331             
10418.554                0.0010185974             
10440.959                0.001010817              
10463.363                0.0010030916             
10485.77                 9.954202E-4              
10508.176                9.878037E-4              
10530.581                9.802418E-4              
10552.986                9.727344E-4              
10575.392                9.652815E-4              
10597.797                9.5788296E-4             
10620.203                9.505388E-4              
10642.608                9.432489E-4              
10665.014                9.360133E-4              
10687.419                9.2883187E-4             
10709.824                9.217046E-4              
10732.2295               9.146314E-4              
10754.636                9.0761227E-4             
10777.041                9.0064714E-4             
10799.447                8.937356E-4              
10821.852                8.8687864E-4             
10844.257                8.8007515E-4             
10866.664                8.7332516E-4             
10889.068                8.666296E-4              
10911.475                8.5998705E-4             
10933.88                 8.5339847E-4             
10956.284                8.468638E-4              
10978.69                 8.40382E-4               
11001.097                8.339541E-4              
11023.502                8.275796E-4              
11045.907                8.2125847E-4             
11068.3125               8.149907E-4              
11090.718                8.087763E-4              
11113.124                8.026151E-4              
11135.529                7.965071E-4              
11157.935                7.904523E-4              
11180.34                 7.8445056E-4             
