% x                      y                        z                        
-30000.0                 -0.0014175568            
-29698.492               -0.0014444097            
-29396.984               -0.001474243             
-29095.477               -0.0015070568            
-28793.97                -0.0015428507            
-28492.463               -0.0015816254            
-28190.955               -0.0016233806            
-27889.447               -0.0016681162            
-27587.94                -0.0017158323            
-27286.432               -0.0017665288            
-26984.924               -0.0018202057            
-26683.418               -0.0018768628            
-26381.91                -0.0019365007            
-26080.402               -0.001999119             
-25778.895               -0.002064718             
-25477.387               -0.002133297             
-25175.879               -0.0022048568            
-24874.371               -0.002279397             
-24572.863               -0.0023569176            
-24271.357               -0.0024374183            
-23969.85                -0.0025208998            
-23668.342               -0.0026073619            
-23366.834               -0.0026968042            
-23065.326               -0.0027892273            
-22763.818               -0.0028846306            
-22462.312               -0.0029830139            
-22160.805               -0.003084378             
-21859.297               -0.0031887228            
-21557.79                -0.0032960481            
-21256.281               -0.0034063538            
-20954.773               -0.0035081308            
-20653.266               -0.0036199621            
-20351.758               -0.0037444893            
-20050.25                -0.0038817122            
-19748.744               -0.00403163              
-19447.234               -0.0041942447            
-19145.729               -0.0043695536            
-18844.223               -0.004557558             
-18542.715               -0.004758259             
-18241.207               -0.004971656             
-17939.7                 -0.0051977485            
-17638.191               -0.0054365364            
-17336.684               -0.0056880205            
-17035.176               -0.0059522               
-16733.668               -0.0062290756            
-16432.16                -0.0065186466            
-16130.653               -0.006820912             
-15829.1455              -0.0071358746            
-15527.638               -0.0074635325            
-15226.131               -0.0078038853            
-14924.623               -0.008156935             
-14623.115               -0.00852268              
-14321.608               -0.008901119             
-14020.1                 -0.0093636345            
-13718.593               -0.009907282             
-13417.086               -0.010490893             
-13115.578               -0.011114269             
-12814.07                -0.011737594             
-12512.5625              -0.012388101             
-12211.055               -0.013067631             
-11909.549               -0.013778237             
-11608.041               -0.014522241             
-11306.531               -0.01530226              
-11005.025               -0.016121255             
-10703.518               -0.016982652             
-10402.01                -0.017920084             
-10100.502               -0.018974802             
-9798.994                -0.020148827             
-9497.488                -0.02144892              
-9195.98                 -0.022882536             
-8894.471                -0.024457876             
-8592.965                -0.026183976             
-8291.457                -0.028070955             
-7989.949                -0.03013006              
-7688.4434               -0.032384966             
-7386.9336               -0.034760047             
-7085.4277               -0.03717261              
-6783.92                 -0.039844364             
-6482.412                -0.043021392             
-6180.9043               -0.04653706              
-5879.3965               -0.050391376             
-5577.8906               -0.054567747             
-5276.383                -0.05917332              
-4974.873                -0.06422049              
-4673.367                -0.06970915              
-4371.8594               -0.07563943              
-4070.3516               -0.08213905              
-3768.8438               -0.08867023              
-3467.336                -0.09508806              
-3165.83                 -0.101392485             
-2864.3223               -0.10768177              
-2562.8145               -0.11225555              
-2261.3066               -0.11468611              
-1959.7988               -0.11317996              
-1658.291                -0.10586011              
-1356.7852               -0.092398204             
-1055.2754               -0.071325764             
-753.76953               -0.04713648              
-452.26172               -0.022362128             
-150.7539                -0.0015954713            
150.7539                 0.016574455              
452.25977                0.03678297               
753.76953                0.060482915              
1055.2773                0.08321584               
1356.7832                0.1033162                
1658.291                 0.11567179               
1959.8008                0.12161355               
2261.3066                0.12201723               
2562.8145                0.11934949               
2864.3203                0.11355762               
3165.8281                0.10644298               
3467.3398                0.09980601               
3768.8438                0.09308675               
4070.3516                0.086284935              
4371.8594                0.07935097               
4673.367                 0.07266493               
4974.875                 0.06676234               
5276.379                 0.06164327               
5577.8906                0.057251524              
5879.3984                0.053111058              
6180.9023                0.04916307               
6482.414                 0.045407414              
6783.918                 0.041889053              
7085.426                 0.038835667              
7386.9375                0.03601227               
7688.4414                0.033351224              
7989.949                 0.031158809              
8291.457                 0.029204536              
8592.965                 0.027381228              
8894.473                 0.025680348              
9195.98                  0.024094256              
9497.488                 0.022616068              
9798.996                 0.021239566              
10100.5                  0.019959124              
10402.012                0.018769555              
10703.516                0.01769715               
11005.023                0.016755586              
11306.535                0.015866572              
11608.039                0.015025921              
11909.547                0.014229915              
12211.059                0.013475316              
12512.5625               0.012759287              
12814.07                 0.012079251              
13115.578                0.011432936              
13417.086                0.010815554              
13718.594                0.010239085              
14020.102                0.009704187              
14321.609                0.009246034              
14623.113                0.008850522              
14924.621                0.00846795               
15226.133                0.0080983145             
15527.637                0.007741632              
15829.145                0.0073978873             
16130.656                0.007067081              
16432.16                 0.0067492262             
16733.668                0.0064443103             
17035.176                0.006152337              
17336.684                0.005873306              
17638.191                0.005607219              
17939.7                  0.005354074              
18241.207                0.005113872              
18542.715                0.0048866128             
18844.219                0.0046722987             
19145.73                 0.0044709225             
19447.234                0.004282494              
19748.742                0.0041070064             
20050.254                0.003944459              
20351.758                0.0037948585             
20653.266                0.003662179              
20954.773                0.0035451173             
21256.281                0.0034309698             
21557.79                 0.0033202178             
21859.297                0.0032112561             
22160.805                0.003105226              
22462.312                0.0030021272             
22763.82                 0.0029019597             
23065.328                0.0028047238             
23366.832                0.0027104204             
23668.34                 0.0026190472             
23969.852                0.0025306041             
24271.355                0.002445095              
24572.863                0.002362516              
24874.371                0.0022828686             
25175.879                0.0022061525             
25477.387                0.0021323678             
25778.895                0.0020615144             
26080.402                0.0019935926             
26381.91                 0.0019286022             
26683.418                0.0018665432             
26984.926                0.0018074156             
27286.43                 0.0017512201             
27587.941                0.0016979546             
27889.45                 0.0016476213             
28190.953                0.00160022               
28492.46                 0.0015557494             
28793.973                0.0015142098             
29095.477                0.0014756025             
29396.984                0.0014399262             
29698.492                0.0014071814             
30000.0                  0.0013773679             
