% x                      y                        z                        
-30000.0                 -0.010043205             
-29698.492               -0.010237386             
-29396.984               -0.01045303              
-29095.477               -0.010690132             
-28793.97                -0.010948694             
-28492.463               -0.011228718             
-28190.955               -0.011530203             
-27889.447               -0.011853148             
-27587.94                -0.012197553             
-27286.432               -0.0125634195            
-26984.924               -0.012950746             
-26683.418               -0.013359531             
-26381.91                -0.013789779             
-26080.402               -0.014241487             
-25778.895               -0.014714656             
-25477.387               -0.015209286             
-25175.879               -0.015725376             
-24874.371               -0.016262926             
-24572.863               -0.016821938             
-24271.357               -0.017402405             
-23969.85                -0.018004337             
-23668.342               -0.01862773              
-23366.834               -0.019272583             
-23065.326               -0.019938895             
-22763.818               -0.02062667              
-22462.312               -0.0213359               
-22160.805               -0.022066595             
-21859.297               -0.022818752             
-21557.79                -0.023592368             
-21256.281               -0.024387443             
-20954.773               -0.025023716             
-20653.266               -0.025732521             
-20351.758               -0.026540453             
-20050.25                -0.027447512             
-19748.744               -0.02845369              
-19447.234               -0.029559013             
-19145.729               -0.030763444             
-18844.223               -0.032067                
-18542.715               -0.033469696             
-18241.207               -0.034971517             
-17939.7                 -0.036572464             
-17638.191               -0.038272537             
-17336.684               -0.040071737             
-17035.176               -0.041970067             
-16733.668               -0.043967523             
-16432.16                -0.046064105             
-16130.653               -0.048259806             
-15829.1455              -0.05055464              
-15527.638               -0.052948605             
-15226.131               -0.055441685             
-14924.623               -0.058033902             
-14623.115               -0.060725246             
-14321.608               -0.06351571              
-14020.1                 -0.066797696             
-13718.593               -0.07041948              
-13417.086               -0.0741141               
-13115.578               -0.07788974              
-12814.07                -0.0822449               
-12512.5625              -0.08683717              
-12211.055               -0.0916826               
-11909.549               -0.09679911              
-11608.041               -0.10220695              
-11306.531               -0.10792894              
-11005.025               -0.11399092              
-10703.518               -0.12042274              
-10402.01                -0.12767228              
-10100.502               -0.13576399              
-9798.994                -0.1445789               
-9497.488                -0.154158                
-9195.98                 -0.16454646              
-8894.471                -0.17579399              
-8592.965                -0.18795538              
-8291.457                -0.20109195              
-7989.949                -0.21527188              
-7688.4434               -0.23136431              
-7386.9336               -0.25118008              
-7085.4277               -0.2730808               
-6783.92                 -0.2964688               
-6482.412                -0.32085568              
-6180.9043               -0.3467538               
-5879.3965               -0.3741632               
-5577.8906               -0.4070749               
-5276.383                -0.44505867              
-4974.873                -0.48753586              
-4673.367                -0.5345056               
-4371.8594               -0.58596873              
-4070.3516               -0.6434882               
-3768.8438               -0.70611775              
-3467.336                -0.7734123               
-3165.83                 -0.84537137              
-2864.3223               -0.9315606               
-2562.8145               -1.0095309               
-2261.3066               -1.0778352               
-1959.7988               -1.1326823               
-1658.291                -1.1485932               
-1356.7852               -1.1213115               
-1055.2754               -1.017899                
-753.76953               -0.8244824               
-452.26172               -0.5348112               
-150.7539                -0.18125372              
150.7539                 0.18647857               
452.25977                0.542883                 
753.76953                0.82384396               
1055.2773                1.017494                 
1356.7832                1.1205735                
1658.291                 1.1507456                
1959.8008                1.130791                 
2261.3066                1.0746803                
2562.8145                1.0019047                
2864.3203                0.9178117                
3165.8281                0.8456394                
3467.3398                0.7742721                
3768.8438                0.70721537               
4070.3516                0.6444666                
4371.8594                0.5864903                
4673.367                 0.53429985               
4974.875                 0.48704755               
5276.379                 0.44473395               
5577.8906                0.40838668               
5879.3984                0.37557152               
6180.9023                0.34563398               
6482.414                 0.31857288               
6783.918                 0.29408932               
7085.426                 0.2705873                
7386.9375                0.251646                 
7688.4414                0.23534009               
7989.949                 0.21878168               
8291.457                 0.20326236               
8592.965                 0.18906328               
8894.473                 0.17609836               
9195.98                  0.16429047               
9497.488                 0.15357023               
9798.996                 0.14387488               
10100.5                  0.13514763               
10402.012                0.12733628               
10703.516                0.12059011               
11005.023                0.11468422               
11306.535                0.108986005              
11608.039                0.103490844              
11909.547                0.09819382               
12211.059                0.09309043               
12512.5625               0.08817654               
12814.07                 0.083447784              
13115.578                0.07890019               
13417.086                0.07452988               
13718.594                0.0703331                
14020.102                0.06648223               
14321.609                0.06299952               
14623.113                0.059787307              
14924.621                0.056845523              
15226.133                0.05417418               
15527.637                0.05177337               
15829.145                0.049643                 
16130.656                0.047780525              
16432.16                 0.04587475               
16733.668                0.044033334              
17035.176                0.042256307              
17336.684                0.040543668              
17638.191                0.038895417              
17939.7                  0.037311554              
18241.207                0.035792075              
18542.715                0.034336988              
18844.219                0.032946303              
19145.73                 0.031619973              
19447.234                0.030358065              
19748.742                0.029160526              
20050.254                0.028027361              
20351.758                0.02695861               
20653.266                0.025954235              
20954.773                0.025014248              
21256.281                0.024119118              
21557.79                 0.023339886              
21859.297                0.022592451              
22160.805                0.021865359              
22462.312                0.021158608              
22763.82                 0.0204722                
23065.328                0.019806135              
23366.832                0.01916042               
23668.34                 0.018535038              
23969.852                0.017929992              
24271.355                0.017345304              
24572.863                0.01678095               
24874.371                0.016236937              
25175.879                0.015713269              
25477.387                0.015209941              
25778.895                0.014726956              
26080.402                0.0142643135             
26381.91                 0.0138220135             
26683.418                0.0134000555             
26984.926                0.01299844               
27286.43                 0.012617172              
27587.941                0.012256236              
27889.45                 0.011915647              
28190.953                0.011595406              
28492.46                 0.011295501              
28793.973                0.011015937              
29095.477                0.010756721              
29396.984                0.010517843              
29698.492                0.010299309              
30000.0                  0.010101116              
