% x                      y                        z                        
0.0                      0.0                      
0.0                      0.0                      
0.0                      0.0                      
0.0                      0.0                      
0.0                      0.0                      
0.0                      0.0                      
0.0                      0.0                      
0.0                      0.0                      
0.0                      0.0                      
0.0                      0.0                      
0.0                      0.0                      
0.0                      0.0                      
0.0                      0.0                      
0.0                      0.0                      
0.0                      0.0                      
0.0                      0.0                      
0.0                      0.0                      
0.0                      0.0                      
0.0                      0.0                      
0.0                      0.0                      
0.0                      0.0                      
0.0                      0.0                      
0.0                      0.0                      
0.0                      0.0                      
0.0                      0.0                      
0.0                      0.0                      
0.0                      0.0                      
0.0                      0.0                      
0.0                      0.0                      
0.0                      0.0                      
-27939.7                 -6.974893E-7             
-27537.688               -6.9648655E-7            
-27135.68                -6.952956E-7             
-26733.666               -6.9391064E-7            
-26331.656               -6.8106107E-7            
-25929.646               -6.864785E-7             
-25527.637               -7.249905E-7             
-25125.627               -7.635026E-7             
-24723.615               -8.020149E-7             
-24321.607               -8.4052675E-7            
-23919.596               -8.958234E-7             
-23517.584               -9.2885165E-7            
-23115.574               -9.737206E-7             
-22713.564               -1.0185895E-6            
-22311.553               -1.0634586E-6            
-21909.545               -1.1337899E-6            
-21507.533               -1.1870122E-6            
-21105.521               -1.2355116E-6            
-20703.512               -1.3064417E-6            
-20301.502               -1.3773719E-6            
-19899.49                -1.4483023E-6            
-19497.482               -1.5192322E-6            
-19095.47                -1.594124E-6             
-18693.459               -1.7073562E-6            
-18291.45                -1.80858E-6              
-17889.438               -1.9098038E-6            
-17487.428               -2.0110276E-6            
-17085.418               -2.1122514E-6            
-16683.406               -2.2134757E-6            
-16281.395               -2.4374554E-6            
-15879.385               -2.6025575E-6            
-15477.376               -2.7208807E-6            
-15075.363               -2.907153E-6             
-14673.353               -3.0934245E-6            
-14271.342               -3.2796959E-6            
-13869.331               -3.5907779E-6            
-13467.318               -3.8118726E-6            
-13065.307               -4.1014287E-6            
-12663.296               -4.4297335E-6            
-12261.285               -4.7580384E-6            
-11859.271               -5.0863446E-6            
-11457.26                -5.6836084E-6            
-11055.251               -6.0042626E-6            
-10653.239               -6.324918E-6             
-10251.228               -6.6645853E-6            
-9849.213                -7.5899097E-6            
-9447.201                -8.515231E-6             
-9045.188                -9.440552E-6             
-8643.176                -1.083589E-5             
-8241.161                -1.0958763E-5            
-7839.1475               -1.10816345E-5           
-7437.1343               -1.3419606E-5            
-7035.12                 -1.3914428E-5            
-6633.1035               -1.4409253E-5            
-6231.092                -1.2858518E-5            
-5829.0757               -1.1740754E-5            
-5427.063                -1.0622997E-5            
-5025.046                -9.505225E-6             
-4623.0283               -5.649837E-6             
-4221.0146               -4.821679E-6             
-3819.0012               4.869482E-6              
-3416.9817               1.3266261E-6             
-3014.9595               -2.216242E-6             
-2612.9387               -5.759088E-6             
-2210.903                -1.2439528E-5            
-1808.8732               9.19971E-6               
-1406.8641               5.458065E-5              
-1004.8753               9.996192E-5              
-602.9105                1.4534309E-4             
-200.96735               1.9698738E-4             
200.96849                1.9675079E-4             
602.90735                1.4760658E-4             
1004.8735                9.846151E-5              
1406.8704                4.3421784E-5             
1808.9036                -1.4086842E-5            
2210.913                 1.6597965E-5             
2612.933                 -1.2609841E-5            
3014.9556                -1.629415E-6             
3416.978                 1.2559697E-6             
3818.995                 -2.0760924E-6            
4221.0156                -2.5954346E-6            
4623.0347                -3.1147763E-6            
5025.0483                -9.773341E-6             
5427.064                 -9.906832E-6             
5829.0757                -1.7634125E-5            
6231.0933                -1.269355E-5             
6633.1094                -1.23525015E-5           
7035.121                 -1.2011456E-5            
7437.1367                -1.1670408E-5            
7839.152                 -1.1329358E-5            
8241.163                 -1.0988312E-5            
8643.178                 -1.06029465E-5           
9045.185                 -9.013877E-6             
9447.199                 -8.389741E-6             
9849.213                 -7.765605E-6             
10251.224                -7.141475E-6             
10653.237                -6.51734E-6              
11055.247                -6.302779E-6             
11457.261                -5.5548717E-6            
11859.273                -5.2637956E-6            
12261.283                -4.7292106E-6            
12663.296                -4.41789E-6              
13065.31                 -4.10657E-6              
13467.318                -3.7952527E-6            
13869.331                -3.561577E-6             
14271.34                 -3.3608612E-6            
14673.353                -3.1039633E-6            
15075.365                -2.9420785E-6            
15477.374                -2.780195E-6             
15879.387                -2.6183102E-6            
16281.398                -2.4564254E-6            
16683.408                -2.3594807E-6            
17085.42                 -2.1790543E-6            
17487.424                -2.092336E-6             
17889.436                -1.980678E-6             
18291.453                -1.8588921E-6            
18693.457                -1.8107378E-6            
19095.469                -1.6995584E-6            
19497.479                -1.6289277E-6            
19899.49                 -1.5582965E-6            
20301.502                -1.4876653E-6            
20703.51                 -1.4170346E-6            
21105.521                -1.3464033E-6            
21507.535                -1.3058349E-6            
21909.543                -1.264675E-6             
22311.555                -1.2235147E-6            
22713.562                -1.1823548E-6            
23115.574                -1.1411945E-6            
23517.586                -1.1119417E-6            
23919.596                -1.0733152E-6            
24321.607                -1.0322989E-6            
24723.62                 -1.0048592E-6            
25125.627                -9.774199E-7             
25527.639                -9.499803E-7             
25929.646                -9.225409E-7             
26331.654                -8.9331235E-7            
26733.672                -8.7330454E-7            
27135.68                 -8.5132007E-7            
27537.688                -8.298062E-7             
27939.695                -8.0874247E-7            
0.0                      0.0                      
0.0                      0.0                      
0.0                      0.0                      
0.0                      0.0                      
0.0                      0.0                      
0.0                      0.0                      
0.0                      0.0                      
0.0                      0.0                      
0.0                      0.0                      
0.0                      0.0                      
0.0                      0.0                      
0.0                      0.0                      
0.0                      0.0                      
0.0                      0.0                      
0.0                      0.0                      
0.0                      0.0                      
0.0                      0.0                      
0.0                      0.0                      
0.0                      0.0                      
0.0                      0.0                      
0.0                      0.0                      
0.0                      0.0                      
0.0                      0.0                      
0.0                      0.0                      
0.0                      0.0                      
0.0                      0.0                      
0.0                      0.0                      
0.0                      0.0                      
0.0                      0.0                      
0.0                      0.0                      
