% x                      y                        z                        
-5000.0                  -0.0015030799            
-4898.9897               -0.001570088             
-4797.98                 -0.0016334609            
-4696.9697               -0.0017004705            
-4595.9595               -0.0017724963            
-4494.9497               -0.0018496038            
-4393.9395               -0.0019316842            
-4292.929                -0.002018436             
-4191.919                -0.002109979             
-4090.9092               -0.0022064524            
-3989.899                -0.0023080045            
-3888.889                -0.002414789             
-3787.879                -0.002526969             
-3686.8687               -0.0026447154            
-3585.8586               -0.0027682087            
-3484.8484               -0.0029086187            
-3383.8384               -0.0030673516            
-3282.8284               -0.0032342055            
-3181.818                -0.0034096062            
-3080.808                -0.003594018             
-2979.7979               -0.003788696             
-2878.7878               -0.0040097693            
-2777.7778               -0.0042521567            
-2676.7678               -0.004525884             
-2575.7576               -0.0048314254            
-2474.7476               -0.0051437034            
-2373.7373               -0.005480325             
-2272.7273               -0.0058497074            
-2171.7173               -0.0062610162            
-2070.707                -0.006703029             
-1969.6968               -0.007189771             
-1868.687                -0.0077311723            
-1767.6768               -0.008300306             
-1666.6665               -0.008920505             
-1565.6567               -0.0096381325            
-1464.6465               -0.010453197             
-1363.6362               -0.011351359             
-1262.6265               -0.012339291             
-1161.6162               -0.013482892             
-1060.606                -0.01485812              
-959.59595               -0.016516522             
-858.58594               -0.018438898             
-757.5757                -0.020937087             
-656.5659                -0.024417644             
-555.55566               -0.028549632             
-454.5454                -0.034207586             
-353.53564               -0.040253185             
-252.52539               -0.043136373             
-151.51514               -0.038326193             
-50.504883               -0.01625566              
50.504883                0.015902812              
151.51514                0.038845737              
252.52539                0.043808345              
353.53564                0.040285382              
454.5454                 0.034371864              
555.55566                0.029208113              
656.5654                 0.024497991              
757.5757                 0.021010092              
858.58594                0.01852335               
959.5962                 0.016451936              
1060.6064                0.014894035              
1161.6162                0.01353617               
1262.626                 0.01237167               
1363.6362                0.011332109              
1464.6465                0.0104534915             
1565.6567                0.009681223              
1666.667                 0.008972096              
1767.6763                0.00831082               
1868.6865                0.007722015              
1969.6968                0.0071999617             
2070.707                 0.0067128004             
2171.7173                0.006268689              
2272.7275                0.0058633676             
2373.7373                0.0054901633             
2474.747                 0.0051568933             
2575.7573                0.0048505543             
2676.7676                0.0045632734             
2777.7778                0.0042950506             
2878.788                 0.0040415386             
2979.7979                0.003806259              
3080.808                 0.0035919785             
3181.8184                0.003397675              
3282.8281                0.0032167714             
3383.8389                0.0030524088             
3484.8486                0.0029008556             
3585.8584                0.0027680323             
3686.8682                0.0026495263             
3787.879                 0.002535656              
3888.8887                0.0024263158             
3989.8994                0.0023213997             
4090.9092                0.0022208102             
4191.919                 0.0021244502             
4292.9287                0.0020322269             
4393.9395                0.0019440505             
4494.949                 0.0018597603             
4595.96                  0.0017802515             
4696.9697                0.0017070317             
4797.9795                0.0016400885             
4898.99                  0.0015794095             
5000.0                   0.001510606              
