% x                      y                        z                        
-5000.0                  -0.0015458271            
-4898.9897               -0.001612082             
-4797.98                 -0.0016832399            
-4696.9697               -0.001759164             
-4595.9595               -0.001839485             
-4494.9497               -0.001924338             
-4393.9395               -0.002013851             
-4292.929                -0.002108156             
-4191.919                -0.0022073926            
-4090.9092               -0.0023117063            
-3989.899                -0.002421252             
-3888.889                -0.0025361897            
-3787.879                -0.0026566903            
-3686.8687               -0.0027829325            
-3585.8586               -0.0029151049            
-3484.8484               -0.003069189             
-3383.8384               -0.0032464904            
-3282.8284               -0.0034320273            
-3181.818                -0.0036238548            
-3080.808                -0.0038307053            
-2979.7979               -0.0040561813            
-2878.7878               -0.004301713             
-2777.7778               -0.0045689233            
-2676.7678               -0.0048746867            
-2575.7576               -0.005232715             
-2474.7476               -0.0056044096            
-2373.7373               -0.0060121235            
-2272.7273               -0.006454176             
-2171.7173               -0.006954422             
-2070.707                -0.007510783             
-1969.6968               -0.008113784             
-1868.687                -0.008789331             
-1767.6768               -0.009526919             
-1666.6665               -0.010363412             
-1565.6567               -0.011292181             
-1464.6465               -0.012322256             
-1363.6362               -0.013439476             
-1262.6265               -0.01469782              
-1161.6162               -0.01607618              
-1060.606                -0.01750955              
-959.59595               -0.019032042             
-858.58594               -0.020765183             
-757.5757                -0.022556787             
-656.5659                -0.024186457             
-555.55566               -0.025693953             
-454.5454                -0.026261618             
-353.53564               -0.025571272             
-252.52539               -0.023109758             
-151.51514               -0.015884116             
-50.504883               -0.006261339             
50.504883                0.0059757396             
151.51514                0.01618001               
252.52539                0.022506488              
353.53564                0.025455784              
454.5454                 0.026007144              
555.55566                0.025341986              
656.5654                 0.024193032              
757.5757                 0.02269771               
858.58594                0.020952828              
959.5962                 0.019127453              
1060.6064                0.017516123              
1161.6162                0.01603311               
1262.626                 0.01468213               
1363.6362                0.013474066              
1464.6465                0.012334781              
1565.6567                0.011282497              
1666.667                 0.010373792              
1767.6763                0.009553906              
1868.6865                0.00879676               
1969.6968                0.008120617              
2070.707                 0.0075148866             
2171.7173                0.006963151              
2272.7275                0.006461481              
2373.7373                0.0060058697             
2474.747                 0.0056329235             
2575.7573                0.005279948              
2676.7676                0.004942131              
2777.7778                0.004622567              
2878.788                 0.0043257647             
2979.7979                0.0040531387             
3080.808                 0.003811115              
3181.8184                0.003597969              
3282.8281                0.0034116132             
3383.8389                0.0032364163             
3484.8486                0.0030656476             
3585.8584                0.0029187459             
3686.8682                0.0027908243             
3787.879                 0.0026676632             
3888.8887                0.0025491526             
3989.8994                0.002435183              
4090.9092                0.0023256529             
4191.919                 0.0022204616             
4292.9287                0.0021195135             
4393.9395                0.0020227148             
4494.949                 0.0019299785             
4595.96                  0.0018405545             
4696.9697                0.0017563516             
4797.9795                0.0016784301             
4898.99                  0.0016067778             
5000.0                   0.0015442899             
