% x                      y                        z                        
-5000.0                  -0.0015575226            
-4898.9897               -0.0016322118            
-4797.98                 -0.0017086501            
-4696.9697               -0.0017821402            
-4595.9595               -0.0018563424            
-4494.9497               -0.0019357913            
-4393.9395               -0.0020206347            
-4292.929                -0.0021110259            
-4191.919                -0.0022071258            
-4090.9092               -0.0023091037            
-3989.899                -0.0024171378            
-3888.889                -0.0025314146            
-3787.879                -0.002652131             
-3686.8687               -0.0027794943            
-3585.8586               -0.0029137225            
-3484.8484               -0.0030664545            
-3383.8384               -0.0032406761            
-3282.8284               -0.0034264696            
-3181.818                -0.0036161067            
-3080.808                -0.0038230175            
-2979.7979               -0.004054173             
-2878.7878               -0.004311434             
-2777.7778               -0.004596915             
-2676.7678               -0.0049065338            
-2575.7576               -0.0052290563            
-2474.7476               -0.005600141             
-2373.7373               -0.00600671              
-2272.7273               -0.0064614345            
-2171.7173               -0.006963058             
-2070.707                -0.0075041316            
-1969.6968               -0.008096777             
-1868.687                -0.008774042             
-1767.6768               -0.009541545             
-1666.6665               -0.010380686             
-1565.6567               -0.011282308             
-1464.6465               -0.012298202             
-1363.6362               -0.013433681             
-1262.6265               -0.014698215             
-1161.6162               -0.016085608             
-1060.606                -0.017486067             
-959.59595               -0.019008314             
-858.58594               -0.02072942              
-757.5757                -0.02262983              
-656.5659                -0.02414149              
-555.55566               -0.02523722              
-454.5454                -0.026086804             
-353.53564               -0.02537474              
-252.52539               -0.02242128              
-151.51514               -0.015213315             
-50.504883               -0.0061531994            
50.504883                0.0061615687             
151.51514                0.01614287               
252.52539                0.022760902              
353.53564                0.02607628               
454.5454                 0.026638404              
555.55566                0.025463477              
656.5654                 0.023914723              
757.5757                 0.022643289              
858.58594                0.02093318               
959.5962                 0.019096147              
1060.6064                0.017473176              
1161.6162                0.016045049              
1262.626                 0.014705519              
1363.6362                0.013466237              
1464.6465                0.012331172              
1565.6567                0.01129287               
1666.667                 0.010359306              
1767.6763                0.009525307              
1868.6865                0.0087955175             
1969.6968                0.00812212               
2070.707                 0.0075083706             
2171.7173                0.0069617694             
2272.7275                0.0064620804             
2373.7373                0.0060229357             
2474.747                 0.0056351926             
2575.7573                0.0052650725             
2676.7676                0.004908966              
2777.7778                0.0045860214             
2878.788                 0.004304269              
2979.7979                0.0040496634             
3080.808                 0.0038171315             
3181.8184                0.0036067455             
3282.8281                0.0034169045             
3383.8389                0.0032361336             
3484.8486                0.0030603493             
3585.8584                0.002903992              
3686.8682                0.0027655298             
3787.879                 0.0026349446             
3888.8887                0.0025120534             
3989.8994                0.002396676              
4090.9092                0.0022886433             
4191.919                 0.0021877894             
4292.9287                0.0020939556             
4393.9395                0.0020069883             
4494.949                 0.0019267414             
4595.96                  0.0018475415             
4696.9697                0.0017661526             
4797.9795                0.0016858776             
4898.99                  0.0016067121             
5000.0                   0.0015343779             
