% x                      y                        z                        
-5000.0                  9.163776E-5              
-4898.9897               1.01252335E-4            
-4797.98                 1.1781299E-4             
-4696.9697               1.3811141E-4             
-4595.9595               1.6123091E-4             
-4494.9497               1.8721135E-4             
-4393.9395               2.1638194E-4             
-4292.929                2.488118E-4              
-4191.919                2.845574E-4              
-4090.9092               3.2371562E-4             
-3989.899                3.6638856E-4             
-3888.889                4.1268294E-4             
-3787.879                4.627114E-4              
-3686.8687               5.165925E-4              
-3585.8586               5.744509E-4              
-3484.8484               6.385733E-4              
-3383.8384               7.1239384E-4             
-3282.8284               7.9525926E-4             
-3181.818                8.8765885E-4             
-3080.808                9.901273E-4              
-2979.7979               0.0011036188             
-2878.7878               0.0012372568             
-2777.7778               0.0013898297             
-2676.7678               0.0015666941             
-2575.7576               0.0017690302             
-2474.7476               0.002004867              
-2373.7373               0.0022799887             
-2272.7273               0.0026082683             
-2171.7173               0.002996879              
-2070.707                0.0034508556             
-1969.6968               0.003992712              
-1868.687                0.0046567796             
-1767.6768               0.005440145              
-1666.6665               0.0064076153             
-1565.6567               0.0076106195             
-1464.6465               0.009049169              
-1363.6362               0.010878162              
-1262.6265               0.013147784              
-1161.6162               0.01602019               
-1060.606                0.019680774              
-959.59595               0.02434405               
-858.58594               0.030318912              
-757.5757                0.038145043              
-656.5659                0.048515145              
-555.55566               0.06307717               
-454.5454                0.08283444               
-353.53564               0.10976326               
-252.52539               0.15035233               
-151.51514               0.19896233               
-50.504883               0.23950817               
50.504883                0.24080396               
151.51514                0.20326802               
252.52539                0.14942497               
353.53564                0.110282235              
454.5454                 0.08252268               
555.55566                0.06309153               
656.5654                 0.04875873               
757.5757                 0.03845214               
858.58594                0.030300273              
959.5962                 0.024395647              
1060.6064                0.019689333              
1161.6162                0.016054094              
1262.626                 0.0132113565             
1363.6362                0.0108864                
1464.6465                0.009071686              
1565.6567                0.007602867              
1666.667                 0.006407522              
1767.6763                0.005449226              
1868.6865                0.0046571754             
1969.6968                0.003999376              
2070.707                 0.0034553022             
2171.7173                0.0030001975             
2272.7275                0.00261691               
2373.7373                0.0022969395             
2474.747                 0.0020283835             
2575.7573                0.0017903997             
2676.7676                0.0015763916             
2777.7778                0.0013863595             
2878.788                 0.0012227024             
2979.7979                0.0010843218             
3080.808                 9.762154E-4              
3181.8184                8.841133E-4              
3282.8281                8.000339E-4              
3383.8389                7.226542E-4              
3484.8486                6.5047987E-4             
3585.8584                5.824296E-4              
3686.8682                5.190848E-4              
3787.879                 4.6074306E-4             
3888.8887                4.0728928E-4             
3989.8994                3.5861056E-4             
4090.9092                3.146002E-4              
4191.919                 2.7515405E-4             
4292.9287                2.4017219E-4             
4393.9395                2.0955809E-4             
4494.949                 1.828419E-4              
4595.96                  1.57529E-4               
4696.9697                1.356799E-4              
4797.9795                1.1728684E-4             
4898.99                  1.02342165E-4            
5000.0                   9.442233E-5              
