% x                      y                        z                        
-5000.0                  -9.773754E-7             
-4898.9897               -1.0345906E-6            
-4797.98                 -1.0923129E-6            
-4696.9697               -1.0432623E-6            
-4595.9595               -1.1349607E-6            
-4494.9497               -1.2283793E-6            
-4393.9395               -1.3235926E-6            
-4292.929                -1.4206778E-6            
-4191.919                -1.5197181E-6            
-4090.9092               -1.6208018E-6            
-3989.899                -1.7240242E-6            
-3888.889                -1.8294859E-6            
-3787.879                -1.9372958E-6            
-3686.8687               -2.0475702E-6            
-3585.8586               -2.160434E-6             
-3484.8484               -2.5648424E-6            
-3383.8384               -2.7383176E-6            
-3282.8284               -2.9183711E-6            
-3181.818                -3.0693332E-6            
-3080.808                -3.3755198E-6            
-2979.7979               -3.6998438E-6            
-2878.7878               -4.0445602E-6            
-2777.7778               -4.412353E-6             
-2676.7678               -5.056432E-6             
-2575.7576               -5.57823E-6              
-2474.7476               -6.0411157E-6            
-2373.7373               -6.751239E-6             
-2272.7273               -7.481898E-6             
-2171.7173               -8.45499E-6              
-2070.707                -9.4089655E-6            
-1969.6968               -1.0416795E-5            
-1868.687                -1.1741826E-5            
-1767.6768               -1.3396145E-5            
-1666.6665               -1.4974596E-5            
-1565.6567               -1.6639333E-5            
-1464.6465               -1.8985209E-5            
-1363.6362               -2.0906104E-5            
-1262.6265               -2.4944457E-5            
-1161.6162               -2.8025646E-5            
-1060.606                -2.949132E-5             
-959.59595               -3.6698922E-5            
-858.58594               -4.2030642E-5            
-757.5757                -4.7789465E-5            
-656.5659                -5.144791E-5             
-555.55566               -5.7858764E-5            
-454.5454                -5.6710644E-5            
-353.53564               -6.452567E-5             
-252.52539               -5.186042E-5             
-151.51514               -2.348146E-5             
-50.504883               1.7867068E-6             
50.504883                4.5795223E-6             
151.51514                -2.398938E-5             
252.52539                -2.6879341E-5            
353.53564                -4.7044643E-5            
454.5454                 -6.0757877E-5            
555.55566                -5.306017E-5             
656.5654                 -5.3412474E-5            
757.5757                 -4.7951406E-5            
858.58594                -4.2660828E-5            
959.5962                 -3.6165184E-5            
1060.6064                -3.188454E-5             
1161.6162                -2.737303E-5             
1262.626                 -2.4232862E-5            
1363.6362                -2.1445325E-5            
1464.6465                -1.9200768E-5            
1565.6567                -1.6920607E-5            
1666.667                 -1.4744299E-5            
1767.6763                -1.307636E-5             
1868.6865                -1.1705298E-5            
1969.6968                -1.0415762E-5            
2070.707                 -9.40941E-6              
2171.7173                -8.427861E-6             
2272.7275                -7.6664755E-6            
2373.7373                -6.7903807E-6            
2474.747                 -5.9804684E-6            
2575.7573                -5.619409E-6             
2676.7676                -5.1544193E-6            
2777.7778                -4.6538908E-6            
2878.788                 -4.1533617E-6            
2979.7979                -3.834759E-6             
3080.808                 -3.4616185E-6            
3181.8184                -3.1112302E-6            
3282.8281                -2.7810343E-6            
3383.8389                -2.7164915E-6            
3484.8486                -2.5292507E-6            
3585.8584                -2.160627E-6             
3686.8682                -2.0496511E-6            
3787.879                 -1.9403042E-6            
3888.8887                -1.8325327E-6            
3989.8994                -1.7262819E-6            
4090.9092                -1.6215034E-6            
4191.919                 -1.5181488E-6            
4292.9287                -1.4161725E-6            
4393.9395                -1.3155302E-6            
4494.949                 -1.2161827E-6            
4595.96                  -1.2348139E-6            
4696.9697                -1.1774455E-6            
4797.9795                -1.1201603E-6            
4898.99                  -1.0629576E-6            
5000.0                   -9.016982E-7             
