% x                      y                        z                        
-5000.0                  -2.1055168E-6            
-4898.9897               -2.6052423E-6            
-4797.98                 -2.645934E-6             
-4696.9697               -2.8299698E-6            
-4595.9595               -2.9703613E-6            
-4494.9497               -3.110752E-6             
-4393.9395               -3.1638704E-6            
-4292.929                -3.3035924E-6            
-4191.919                -3.284296E-6             
-4090.9092               -3.5948894E-6            
-3989.899                -3.9054844E-6            
-3888.889                -4.2160787E-6            
-3787.879                -4.5266725E-6            
-3686.8687               -4.86968E-6              
-3585.8586               -5.215855E-6             
-3484.8484               -5.56203E-6              
-3383.8384               -5.9775953E-6            
-3282.8284               -6.360733E-6             
-3181.818                -6.5990243E-6            
-3080.808                -7.1469467E-6            
-2979.7979               -7.448204E-6             
-2878.7878               -8.004281E-6             
-2777.7778               -8.68733E-6              
-2676.7678               -9.308567E-6             
-2575.7576               -1.01116075E-5           
-2474.7476               -1.1112389E-5            
-2373.7373               -1.2018105E-5            
-2272.7273               -1.2910843E-5            
-2171.7173               -1.4229509E-5            
-2070.707                -1.5424317E-5            
-1969.6968               -1.6612961E-5            
-1868.687                -1.8562576E-5            
-1767.6768               -2.0784906E-5            
-1666.6665               -2.3238857E-5            
-1565.6567               -2.6332767E-5            
-1464.6465               -3.040614E-5             
-1363.6362               -3.4878827E-5            
-1262.6265               -3.968912E-5             
-1161.6162               -5.0072795E-5            
-1060.606                -5.5492346E-5            
-959.59595               -7.642144E-5             
-858.58594               -8.917534E-5             
-757.5757                -8.9610665E-5            
-656.5659                -1.0866564E-4            
-555.55566               -1.5759192E-4            
-454.5454                -2.1116325E-4            
-353.53564               -1.8683639E-4            
-252.52539               -1.445984E-4             
-151.51514               -4.066214E-5             
-50.504883               -8.3942166E-7            
50.504883                1.7498067E-5             
151.51514                -2.2259666E-5            
252.52539                -1.0499394E-4            
353.53564                -1.4356124E-4            
454.5454                 -1.8986168E-4            
555.55566                -1.4448799E-4            
656.5654                 -1.2537916E-4            
757.5757                 -1.1290011E-4            
858.58594                -8.913203E-5             
959.5962                 -5.820474E-5             
1060.6064                -5.665722E-5             
1161.6162                -4.7347425E-5            
1262.626                 -3.803033E-5             
1363.6362                -3.617023E-5             
1464.6465                -2.9736371E-5            
1565.6567                -2.5946314E-5            
1666.667                 -2.3647852E-5            
1767.6763                -2.1415242E-5            
1868.6865                -1.9016583E-5            
1969.6968                -1.6986422E-5            
2070.707                 -1.5019604E-5            
2171.7173                -1.395268E-5             
2272.7275                -1.2851826E-5            
2373.7373                -1.2095003E-5            
2474.747                 -1.1005405E-5            
2575.7573                -1.0086389E-5            
2676.7676                -9.3722265E-6            
2777.7778                -8.713511E-6             
2878.788                 -7.927757E-6             
2979.7979                -7.5284966E-6            
3080.808                 -6.9225157E-6            
3181.8184                -6.553078E-6             
3282.8281                -6.13049E-6              
3383.8389                -5.798629E-6             
3484.8486                -5.466771E-6             
3585.8584                -5.1349134E-6            
3686.8682                -4.8030556E-6            
3787.879                 -4.4711946E-6            
3888.8887                -4.139337E-6             
3989.8994                -3.807476E-6             
4090.9092                -3.4756183E-6            
4191.919                 -3.4124594E-6            
4292.9287                -3.1301768E-6            
4393.9395                -3.2426437E-6            
4494.949                 -3.1078785E-6            
4595.96                  -2.9404048E-6            
4696.9697                -2.7144447E-6            
4797.9795                -2.674871E-6             
4898.99                  -2.6352968E-6            
5000.0                   -2.510102E-6             
